400

1001 1 30.0 1 8 7
1002 1 50.0 1 5 0
1003 0 50.0 1 2 3
1004 1 10.0 1 3 7
1005 1 15.0 1 8 4
1006 0 10.0 1 4 0
1007 0 15.0 1 0 0
1008 0 5.0 1 7 0
1009 0 10.0 1 0 0
1010 0 10.0 1 3 7
1011 0 50.0 1 0 0
1012 2 15.0 1 6 2
1013 0 5.0 1 0 0
1014 0 5.0 1 0 0
1015 2 50.0 1 7 8
1016 0 5.0 1 5 3
1017 0 50.0 1 3 6
1018 0 10.0 1 9 4
1019 0 50.0 1 10 3
1020 0 5.0 1 0 0
1021 0 10.0 1 0 0
1022 2 15.0 1 0 0
1023 0 15.0 1 8 0
1024 0 10.0 1 0 0
1025 0 15.0 1 3 5
1026 1 5.0 1 0 0
1027 2 5.0 1 9 3
1028 1 10.0 1 9 4
1029 0 5.0 1 0 0
1030 1 50.0 1 9 7
1031 0 5.0 1 0 0
1032 0 30.0 1 8 9
1033 2 5.0 1 5 0
1034 0 30.0 1 0 0
1035 0 10.0 1 0 0
1036 2 10.0 1 0 0
1037 1 15.0 1 0 0
1038 0 10.0 1 0 0
1039 0 5.0 1 3 0
1040 1 5.0 1 9 0
1041 0 10.0 2 5 0
1042 1 10.0 2 1 0
1043 0 30.0 2 9 5
1044 1 10.0 2 9 0
1045 0 10.0 2 5 0
1046 0 15.0 2 10 0
1047 0 10.0 2 1 0
1048 2 5.0 2 0 0
1049 1 30.0 2 0 0
1050 1 10.0 2 0 0
1051 0 15.0 2 5 0
1052 1 15.0 2 9 4
1053 0 30.0 2 7 0
1054 0 50.0 2 0 0
1055 0 5.0 2 4 3
1056 2 5.0 2 7 0
1057 1 15.0 2 1 5
1058 2 30.0 2 6 0
1059 0 50.0 2 0 0
1060 1 15.0 2 9 0
1061 0 30.0 2 0 0
1062 1 15.0 2 1 0
1063 0 50.0 2 0 0
1064 0 50.0 2 0 0
1065 0 30.0 2 9 7
1066 0 50.0 2 0 0
1067 2 50.0 2 9 7
1068 0 30.0 2 9 8
1069 0 10.0 2 3 7
1070 1 30.0 2 0 0
1071 0 50.0 2 0 0
1072 0 50.0 2 7 0
1073 0 15.0 2 0 0
1074 0 15.0 2 1 0
1075 2 10.0 2 0 0
1076 2 15.0 2 8 0
1077 1 15.0 2 0 0
1078 0 5.0 2 0 0
1079 0 5.0 2 7 0
1080 1 30.0 2 4 0
1081 2 10.0 3 0 0
1082 1 10.0 3 0 0
1083 0 50.0 3 7 9
1084 2 30.0 3 1 0
1085 0 30.0 3 9 0
1086 0 50.0 3 1 0
1087 0 30.0 3 2 4
1088 0 50.0 3 10 8
1089 1 10.0 3 5 1
1090 1 50.0 3 0 0
1091 2 15.0 3 8 6
1092 1 50.0 3 5 4
1093 1 15.0 3 0 0
1094 0 30.0 3 4 0
1095 0 5.0 3 0 0
1096 2 50.0 3 2 10
1097 2 5.0 3 0 0
1098 0 10.0 3 0 0
1099 2 5.0 3 0 0
1100 1 50.0 3 6 1
1101 0 5.0 3 1 6
1102 0 50.0 3 0 0
1103 0 30.0 3 5 0
1104 0 5.0 3 0 0
1105 1 10.0 3 2 0
1106 1 10.0 3 0 0
1107 0 50.0 3 0 0
1108 1 10.0 3 0 0
1109 1 10.0 3 10 2
1110 0 10.0 3 6 5
1111 0 30.0 3 7 9
1112 0 30.0 3 9 8
1113 0 5.0 3 0 0
1114 0 50.0 3 7 8
1115 0 15.0 3 8 7
1116 0 50.0 3 0 0
1117 0 50.0 3 10 0
1118 0 15.0 3 2 0
1119 1 15.0 3 0 0
1120 2 5.0 3 6 7
1121 0 10.0 4 0 0
1122 0 10.0 4 3 0
1123 0 50.0 4 0 0
1124 1 50.0 4 0 0
1125 0 50.0 4 9 8
1126 0 10.0 4 6 0
1127 0 10.0 4 0 0
1128 0 30.0 4 3 0
1129 0 50.0 4 2 6
1130 1 50.0 4 3 0
1131 2 5.0 4 1 0
1132 1 5.0 4 7 6
1133 1 5.0 4 0 0
1134 2 10.0 4 8 0
1135 2 10.0 4 0 0
1136 2 15.0 4 0 0
1137 1 50.0 4 1 0
1138 2 50.0 4 3 0
1139 2 10.0 4 5 0
1140 0 5.0 4 0 0
1141 0 15.0 4 9 0
1142 2 15.0 4 1 5
1143 1 10.0 4 10 3
1144 0 15.0 4 6 1
1145 0 5.0 4 0 0
1146 1 30.0 4 1 8
1147 2 5.0 4 8 2
1148 2 10.0 4 0 0
1149 1 15.0 4 3 9
1150 0 15.0 4 2 0
1151 0 10.0 4 0 0
1152 0 30.0 4 1 6
1153 0 50.0 4 3 7
1154 1 30.0 4 0 0
1155 0 30.0 4 9 5
1156 0 5.0 4 2 5
1157 2 15.0 4 0 0
1158 0 30.0 4 0 0
1159 0 10.0 4 6 5
1160 0 5.0 4 6 7
1161 0 30.0 5 2 0
1162 0 5.0 5 0 0
1163 0 15.0 5 0 0
1164 0 30.0 5 2 0
1165 0 5.0 5 9 0
1166 2 30.0 5 0 0
1167 0 10.0 5 6 8
1168 2 5.0 5 1 4
1169 1 30.0 5 8 0
1170 0 15.0 5 3 0
1171 2 30.0 5 6 0
1172 2 10.0 5 0 0
1173 0 5.0 5 8 0
1174 1 10.0 5 8 1
1175 2 30.0 5 8 7
1176 1 50.0 5 3 1
1177 1 50.0 5 0 0
1178 2 30.0 5 0 0
1179 2 10.0 5 0 0
1180 2 10.0 5 3 0
1181 2 5.0 5 6 0
1182 0 30.0 5 6 0
1183 2 10.0 5 1 3
1184 2 30.0 5 2 6
1185 1 5.0 5 0 0
1186 2 30.0 5 3 1
1187 1 30.0 5 7 8
1188 1 30.0 5 9 7
1189 0 50.0 5 0 0
1190 0 15.0 5 2 0
1191 0 30.0 5 0 0
1192 1 5.0 5 10 0
1193 0 30.0 5 1 0
1194 0 5.0 5 0 0
1195 2 30.0 5 0 0
1196 0 10.0 5 2 0
1197 1 10.0 5 1 0
1198 1 50.0 5 2 0
1199 0 10.0 5 1 0
1200 0 15.0 5 2 0
1201 0 15.0 6 3 0
1202 1 10.0 6 5 0
1203 0 50.0 6 7 0
1204 0 15.0 6 0 0
1205 0 50.0 6 1 8
1206 0 15.0 6 0 0
1207 1 50.0 6 4 3
1208 0 30.0 6 2 8
1209 1 15.0 6 8 7
1210 0 50.0 6 9 7
1211 2 50.0 6 4 10
1212 0 5.0 6 10 7
1213 2 15.0 6 0 0
1214 2 5.0 6 8 0
1215 1 15.0 6 10 0
1216 0 5.0 6 7 0
1217 0 15.0 6 8 0
1218 1 5.0 6 10 0
1219 1 50.0 6 7 0
1220 0 50.0 6 0 0
1221 0 10.0 6 8 0
1222 2 15.0 6 0 0
1223 0 50.0 6 4 1
1224 0 15.0 6 1 2
1225 1 50.0 6 10 1
1226 0 15.0 6 9 2
1227 0 5.0 6 4 8
1228 0 10.0 6 5 0
1229 2 5.0 6 10 0
1230 2 10.0 6 7 0
1231 0 15.0 6 0 0
1232 1 10.0 6 0 0
1233 0 5.0 6 5 9
1234 0 50.0 6 9 0
1235 1 30.0 6 2 0
1236 2 30.0 6 0 0
1237 1 10.0 6 4 0
1238 2 50.0 6 5 0
1239 1 15.0 6 0 0
1240 0 10.0 6 4 2
1241 1 10.0 7 3 4
1242 1 15.0 7 9 2
1243 0 50.0 7 0 0
1244 0 50.0 7 2 0
1245 2 15.0 7 3 5
1246 1 10.0 7 9 0
1247 0 50.0 7 8 0
1248 0 5.0 7 9 0
1249 0 30.0 7 4 0
1250 0 30.0 7 6 0
1251 2 15.0 7 1 4
1252 0 15.0 7 6 1
1253 2 30.0 7 6 9
1254 0 5.0 7 9 0
1255 1 50.0 7 9 0
1256 0 15.0 7 1 0
1257 0 5.0 7 3 0
1258 2 5.0 7 3 0
1259 0 50.0 7 9 2
1260 1 50.0 7 6 4
1261 2 30.0 7 6 5
1262 0 30.0 7 5 2
1263 1 10.0 7 0 0
1264 2 10.0 7 8 9
1265 1 5.0 7 8 4
1266 0 5.0 7 1 2
1267 2 50.0 7 0 0
1268 0 50.0 7 6 0
1269 1 30.0 7 10 0
1270 1 5.0 7 0 0
1271 0 15.0 7 8 0
1272 0 15.0 7 0 0
1273 1 10.0 7 0 0
1274 2 10.0 7 0 0
1275 2 50.0 7 1 0
1276 1 30.0 7 6 0
1277 1 30.0 7 6 0
1278 2 10.0 7 0 0
1279 0 50.0 7 3 0
1280 0 15.0 7 8 0
1281 0 30.0 8 1 6
1282 1 5.0 8 0 0
1283 0 5.0 8 0 0
1284 2 15.0 8 0 0
1285 2 30.0 8 6 3
1286 1 15.0 8 2 0
1287 0 5.0 8 4 0
1288 1 30.0 8 3 0
1289 0 10.0 8 0 0
1290 2 5.0 8 0 0
1291 0 10.0 8 3 7
1292 2 30.0 8 1 0
1293 0 30.0 8 10 9
1294 2 15.0 8 4 6
1295 2 5.0 8 7 2
1296 1 50.0 8 5 6
1297 0 30.0 8 6 0
1298 2 30.0 8 0 0
1299 2 5.0 8 0 0
1300 1 5.0 8 6 0
1301 1 50.0 8 0 0
1302 1 30.0 8 7 0
1303 2 10.0 8 0 0
1304 0 5.0 8 1 0
1305 1 5.0 8 7 0
1306 0 10.0 8 1 0
1307 2 15.0 8 5 0
1308 2 15.0 8 0 0
1309 1 15.0 8 5 6
1310 0 5.0 8 7 4
1311 2 30.0 8 6 4
1312 0 5.0 8 0 0
1313 0 15.0 8 5 0
1314 1 50.0 8 0 0
1315 2 15.0 8 5 0
1316 2 30.0 8 0 0
1317 2 30.0 8 10 0
1318 1 5.0 8 7 0
1319 0 50.0 8 6 7
1320 0 5.0 8 6 0
1321 0 15.0 9 10 7
1322 1 30.0 9 4 0
1323 0 10.0 9 3 1
1324 0 50.0 9 4 5
1325 0 30.0 9 6 1
1326 2 10.0 9 1 0
1327 0 5.0 9 3 0
1328 2 30.0 9 6 8
1329 1 5.0 9 1 0
1330 0 15.0 9 4 0
1331 0 30.0 9 3 8
1332 1 5.0 9 5 0
1333 1 15.0 9 0 0
1334 0 15.0 9 3 0
1335 0 50.0 9 10 0
1336 1 15.0 9 1 0
1337 2 10.0 9 1 0
1338 0 10.0 9 1 0
1339 0 15.0 9 1 0
1340 0 10.0 9 0 0
1341 2 10.0 9 0 0
1342 1 5.0 9 0 0
1343 1 5.0 9 5 8
1344 0 10.0 9 10 0
1345 0 5.0 9 3 0
1346 2 10.0 9 7 0
1347 1 15.0 9 0 0
1348 0 5.0 9 0 0
1349 1 5.0 9 1 5
1350 0 15.0 9 6 0
1351 2 15.0 9 3 7
1352 0 5.0 9 4 1
1353 0 10.0 9 8 0
1354 2 15.0 9 0 0
1355 0 15.0 9 2 0
1356 0 30.0 9 6 0
1357 2 30.0 9 7 0
1358 2 30.0 9 3 0
1359 2 30.0 9 7 0
1360 2 15.0 9 4 0
1361 0 15.0 10 1 0
1362 0 50.0 10 7 0
1363 1 15.0 10 8 6
1364 0 50.0 10 0 0
1365 2 15.0 10 2 0
1366 2 50.0 10 0 0
1367 1 50.0 10 1 0
1368 0 30.0 10 0 0
1369 2 30.0 10 4 9
1370 0 50.0 10 2 0
1371 2 10.0 10 0 0
1372 1 15.0 10 9 0
1373 2 30.0 10 9 5
1374 2 10.0 10 9 0
1375 0 15.0 10 2 0
1376 1 10.0 10 0 0
1377 1 30.0 10 8 0
1378 2 5.0 10 2 0
1379 2 5.0 10 0 0
1380 0 30.0 10 1 6
1381 0 15.0 10 8 0
1382 2 30.0 10 4 0
1383 0 50.0 10 0 0
1384 1 30.0 10 8 9
1385 0 30.0 10 4 0
1386 2 15.0 10 6 0
1387 0 50.0 10 0 0
1388 2 10.0 10 3 0
1389 0 30.0 10 6 4
1390 0 50.0 10 6 0
1391 2 50.0 10 0 0
1392 0 50.0 10 7 0
1393 0 50.0 10 1 0
1394 1 50.0 10 4 0
1395 0 50.0 10 5 0
1396 0 10.0 10 9 0
1397 0 50.0 10 4 0
1398 2 5.0 10 4 0
1399 2 5.0 10 9 0
1400 0 30.0 10 5 7