400

1001 1 10.0 1 7 0
1002 0 5.0 1 0 0
1003 2 50.0 1 3 8
1004 1 50.0 1 0 0
1005 0 15.0 1 0 0
1006 1 50.0 1 0 0
1007 0 10.0 1 4 7
1008 0 15.0 1 0 0
1009 0 5.0 1 0 0
1010 2 30.0 1 0 0
1011 0 15.0 1 2 0
1012 1 50.0 1 0 0
1013 0 30.0 1 0 0
1014 1 50.0 1 8 5
1015 0 50.0 1 10 8
1016 1 10.0 1 5 0
1017 0 50.0 1 5 6
1018 0 10.0 1 9 3
1019 2 5.0 1 2 8
1020 0 15.0 1 3 6
1021 2 15.0 1 0 0
1022 1 15.0 1 0 0
1023 1 5.0 1 0 0
1024 1 50.0 1 2 0
1025 1 50.0 1 0 0
1026 0 10.0 1 0 0
1027 0 50.0 1 6 0
1028 1 5.0 1 0 0
1029 1 15.0 1 3 0
1030 2 10.0 1 0 0
1031 0 15.0 1 7 4
1032 2 30.0 1 9 0
1033 1 30.0 1 0 0
1034 0 30.0 1 5 7
1035 1 50.0 1 10 4
1036 0 15.0 1 0 0
1037 0 15.0 1 8 6
1038 0 15.0 1 6 0
1039 1 5.0 1 0 0
1040 1 50.0 1 8 0
1041 0 10.0 2 3 4
1042 2 15.0 2 7 0
1043 1 50.0 2 4 0
1044 1 50.0 2 10 7
1045 1 10.0 2 0 0
1046 2 50.0 2 4 0
1047 1 50.0 2 3 0
1048 1 10.0 2 8 0
1049 2 50.0 2 7 0
1050 0 15.0 2 8 0
1051 0 30.0 2 7 0
1052 0 50.0 2 0 0
1053 2 10.0 2 0 0
1054 1 50.0 2 9 1
1055 1 30.0 2 4 0
1056 2 30.0 2 9 5
1057 0 30.0 2 0 0
1058 1 30.0 2 0 0
1059 0 15.0 2 0 0
1060 0 50.0 2 6 7
1061 0 30.0 2 7 0
1062 2 15.0 2 0 0
1063 0 5.0 2 8 0
1064 0 10.0 2 5 6
1065 1 50.0 2 6 0
1066 0 50.0 2 0 0
1067 0 50.0 2 0 0
1068 2 15.0 2 9 5
1069 0 30.0 2 6 0
1070 2 10.0 2 7 5
1071 0 10.0 2 6 1
1072 0 10.0 2 0 0
1073 1 5.0 2 9 0
1074 0 10.0 2 5 0
1075 2 30.0 2 1 0
1076 1 15.0 2 6 7
1077 0 5.0 2 0 0
1078 0 15.0 2 0 0
1079 0 30.0 2 0 0
1080 2 5.0 2 0 0
1081 1 50.0 3 1 8
1082 0 30.0 3 2 5
1083 1 50.0 3 7 0
1084 1 50.0 3 0 0
1085 1 15.0 3 0 0
1086 0 15.0 3 0 0
1087 1 5.0 3 4 0
1088 2 15.0 3 5 8
1089 0 5.0 3 4 0
1090 0 15.0 3 0 0
1091 1 30.0 3 8 4
1092 0 5.0 3 0 0
1093 0 10.0 3 0 0
1094 2 5.0 3 6 0
1095 1 5.0 3 5 0
1096 2 15.0 3 7 4
1097 0 50.0 3 7 0
1098 0 5.0 3 6 2
1099 0 10.0 3 0 0
1100 1 10.0 3 7 0
1101 0 5.0 3 0 0
1102 0 15.0 3 2 0
1103 0 10.0 3 0 0
1104 0 50.0 3 0 0
1105 2 30.0 3 6 0
1106 0 5.0 3 8 2
1107 0 30.0 3 5 1
1108 2 30.0 3 1 0
1109 1 5.0 3 0 0
1110 0 15.0 3 2 8
1111 2 10.0 3 0 0
1112 0 15.0 3 5 0
1113 0 5.0 3 1 0
1114 2 15.0 3 0 0
1115 1 10.0 3 4 0
1116 2 50.0 3 1 0
1117 2 50.0 3 10 8
1118 2 50.0 3 0 0
1119 0 10.0 3 0 0
1120 2 30.0 3 10 0
1121 1 30.0 4 5 0
1122 0 10.0 4 3 0
1123 0 5.0 4 0 0
1124 1 30.0 4 0 0
1125 0 50.0 4 0 0
1126 0 30.0 4 2 0
1127 0 10.0 4 5 1
1128 0 30.0 4 8 3
1129 0 5.0 4 0 0
1130 2 30.0 4 7 2
1131 0 15.0 4 0 0
1132 0 50.0 4 0 0
1133 0 10.0 4 2 0
1134 0 30.0 4 5 0
1135 0 50.0 4 6 0
1136 1 5.0 4 0 0
1137 0 15.0 4 0 0
1138 2 5.0 4 5 3
1139 0 50.0 4 3 0
1140 2 10.0 4 7 0
1141 2 5.0 4 9 0
1142 2 50.0 4 9 0
1143 0 30.0 4 10 9
1144 2 15.0 4 6 2
1145 1 50.0 4 3 0
1146 1 15.0 4 2 6
1147 1 10.0 4 10 8
1148 0 30.0 4 0 0
1149 1 10.0 4 8 3
1150 0 15.0 4 0 0
1151 0 10.0 4 5 7
1152 0 10.0 4 9 0
1153 2 5.0 4 7 0
1154 1 15.0 4 8 5
1155 0 15.0 4 0 0
1156 1 15.0 4 9 2
1157 0 10.0 4 3 0
1158 0 50.0 4 2 0
1159 0 5.0 4 0 0
1160 2 10.0 4 10 0
1161 1 5.0 5 9 2
1162 0 10.0 5 1 9
1163 2 50.0 5 6 0
1164 0 30.0 5 3 0
1165 0 50.0 5 1 0
1166 1 5.0 5 0 0
1167 0 30.0 5 8 0
1168 0 10.0 5 0 0
1169 0 5.0 5 0 0
1170 0 15.0 5 7 4
1171 1 30.0 5 3 7
1172 2 50.0 5 2 0
1173 1 50.0 5 1 2
1174 0 10.0 5 3 9
1175 0 50.0 5 8 2
1176 1 5.0 5 9 0
1177 2 50.0 5 1 0
1178 1 10.0 5 9 8
1179 0 5.0 5 9 0
1180 0 30.0 5 6 0
1181 0 5.0 5 6 0
1182 0 30.0 5 1 0
1183 2 15.0 5 7 3
1184 1 15.0 5 7 1
1185 1 10.0 5 10 0
1186 0 30.0 5 6 3
1187 0 15.0 5 0 0
1188 0 30.0 5 0 0
1189 2 10.0 5 10 4
1190 2 30.0 5 4 0
1191 0 5.0 5 8 9
1192 2 30.0 5 9 0
1193 0 5.0 5 0 0
1194 2 10.0 5 4 6
1195 0 10.0 5 0 0
1196 0 30.0 5 8 1
1197 1 10.0 5 1 0
1198 0 10.0 5 3 0
1199 1 10.0 5 0 0
1200 0 10.0 5 0 0
1201 2 30.0 6 7 0
1202 1 15.0 6 5 7
1203 0 5.0 6 3 0
1204 0 10.0 6 0 0
1205 2 30.0 6 0 0
1206 1 15.0 6 4 0
1207 0 5.0 6 1 7
1208 1 50.0 6 7 0
1209 0 5.0 6 1 0
1210 2 15.0 6 9 0
1211 0 5.0 6 8 5
1212 1 50.0 6 4 0
1213 0 30.0 6 3 0
1214 0 50.0 6 3 1
1215 1 50.0 6 1 0
1216 0 30.0 6 0 0
1217 0 30.0 6 0 0
1218 0 5.0 6 0 0
1219 1 50.0 6 9 0
1220 0 15.0 6 1 0
1221 0 5.0 6 10 4
1222 2 50.0 6 2 0
1223 2 15.0 6 0 0
1224 2 5.0 6 9 2
1225 0 30.0 6 3 9
1226 2 30.0 6 8 1
1227 0 10.0 6 7 0
1228 1 30.0 6 5 8
1229 0 10.0 6 9 0
1230 0 30.0 6 5 0
1231 1 5.0 6 1 0
1232 0 50.0 6 5 3
1233 2 50.0 6 10 4
1234 1 10.0 6 9 5
1235 1 5.0 6 8 7
1236 1 10.0 6 0 0
1237 2 30.0 6 0 0
1238 0 30.0 6 8 0
1239 0 30.0 6 3 0
1240 0 50.0 6 1 2
1241 2 15.0 7 9 0
1242 1 15.0 7 2 8
1243 2 5.0 7 3 0
1244 2 15.0 7 0 0
1245 2 50.0 7 0 0
1246 0 30.0 7 3 5
1247 0 5.0 7 5 0
1248 0 30.0 7 0 0
1249 1 50.0 7 0 0
1250 0 10.0 7 0 0
1251 0 10.0 7 5 0
1252 0 30.0 7 4 6
1253 2 30.0 7 4 0
1254 2 10.0 7 5 0
1255 2 10.0 7 8 0
1256 0 50.0 7 5 6
1257 0 30.0 7 4 8
1258 2 30.0 7 0 0
1259 0 10.0 7 5 2
1260 2 10.0 7 1 4
1261 0 15.0 7 0 0
1262 0 5.0 7 9 1
1263 2 10.0 7 4 2
1264 1 30.0 7 9 0
1265 0 30.0 7 0 0
1266 2 50.0 7 3 5
1267 0 30.0 7 1 0
1268 0 15.0 7 10 6
1269 1 5.0 7 9 0
1270 2 5.0 7 2 0
1271 2 50.0 7 2 3
1272 2 5.0 7 0 0
1273 1 5.0 7 6 0
1274 2 5.0 7 0 0
1275 1 50.0 7 9 8
1276 2 5.0 7 8 3
1277 1 15.0 7 5 0
1278 2 30.0 7 0 0
1279 0 5.0 7 6 0
1280 2 50.0 7 0 0
1281 0 15.0 8 7 0
1282 0 30.0 8 2 0
1283 0 30.0 8 10 3
1284 0 15.0 8 1 10
1285 2 5.0 8 1 0
1286 0 15.0 8 2 0
1287 2 5.0 8 10 1
1288 0 10.0 8 0 0
1289 0 50.0 8 10 1
1290 0 10.0 8 1 9
1291 0 50.0 8 1 0
1292 2 15.0 8 0 0
1293 1 50.0 8 10 9
1294 0 5.0 8 0 0
1295 0 30.0 8 10 9
1296 0 5.0 8 6 0
1297 2 15.0 8 0 0
1298 2 15.0 8 10 5
1299 0 30.0 8 0 0
1300 0 10.0 8 9 1
1301 0 10.0 8 4 0
1302 0 5.0 8 0 0
1303 0 5.0 8 3 9
1304 0 5.0 8 0 0
1305 1 10.0 8 4 9
1306 0 15.0 8 2 0
1307 1 5.0 8 2 0
1308 0 50.0 8 5 9
1309 0 15.0 8 4 0
1310 0 5.0 8 4 0
1311 0 10.0 8 4 7
1312 2 5.0 8 0 0
1313 2 5.0 8 10 0
1314 2 50.0 8 0 0
1315 0 10.0 8 0 0
1316 2 10.0 8 5 0
1317 0 15.0 8 6 0
1318 2 30.0 8 0 0
1319 0 50.0 8 2 0
1320 0 5.0 8 7 0
1321 2 15.0 9 0 0
1322 1 50.0 9 2 5
1323 0 5.0 9 5 1
1324 2 10.0 9 8 3
1325 1 50.0 9 5 0
1326 1 15.0 9 7 0
1327 0 15.0 9 7 0
1328 2 10.0 9 2 0
1329 0 5.0 9 10 0
1330 1 15.0 9 0 0
1331 0 15.0 9 5 2
1332 1 30.0 9 1 6
1333 2 50.0 9 1 3
1334 1 50.0 9 0 0
1335 1 15.0 9 0 0
1336 2 15.0 9 0 0
1337 0 10.0 9 1 0
1338 0 15.0 9 7 4
1339 1 10.0 9 0 0
1340 0 15.0 9 4 0
1341 0 50.0 9 3 6
1342 1 10.0 9 4 0
1343 0 15.0 9 2 0
1344 2 30.0 9 2 0
1345 2 30.0 9 7 0
1346 0 15.0 9 1 2
1347 2 10.0 9 8 0
1348 0 5.0 9 4 2
1349 2 5.0 9 0 0
1350 1 50.0 9 7 0
1351 0 50.0 9 6 0
1352 0 10.0 9 10 0
1353 2 50.0 9 6 1
1354 0 30.0 9 8 0
1355 1 30.0 9 7 0
1356 2 15.0 9 7 3
1357 1 10.0 9 5 0
1358 2 5.0 9 5 0
1359 0 15.0 9 3 0
1360 0 15.0 9 0 0
1361 1 50.0 10 0 0
1362 2 15.0 10 1 0
1363 0 30.0 10 2 1
1364 1 30.0 10 0 0
1365 0 5.0 10 5 4
1366 0 50.0 10 5 1
1367 0 50.0 10 4 0
1368 2 50.0 10 2 0
1369 2 5.0 10 0 0
1370 1 15.0 10 4 0
1371 1 15.0 10 0 0
1372 2 15.0 10 6 1
1373 1 5.0 10 7 0
1374 1 10.0 10 6 0
1375 0 30.0 10 0 0
1376 0 30.0 10 9 5
1377 0 10.0 10 9 0
1378 0 5.0 10 4 0
1379 0 15.0 10 1 0
1380 1 5.0 10 8 2
1381 2 10.0 10 4 0
1382 0 15.0 10 2 3
1383 0 30.0 10 7 0
1384 2 5.0 10 8 1
1385 1 30.0 10 0 0
1386 0 5.0 10 1 0
1387 0 10.0 10 6 0
1388 0 10.0 10 3 0
1389 0 10.0 10 0 0
1390 0 30.0 10 0 0
1391 1 50.0 10 0 0
1392 0 5.0 10 3 0
1393 1 30.0 10 9 0
1394 0 30.0 10 7 0
1395 1 50.0 10 1 0
1396 2 10.0 10 0 0
1397 2 15.0 10 0 0
1398 0 10.0 10 0 0
1399 0 5.0 10 6 0
1400 0 30.0 10 2 0