400

1001 0 50.0 1 2 5
1002 0 50.0 1 0 0
1003 0 50.0 1 0 0
1004 0 15.0 1 2 8
1005 1 30.0 1 2 5
1006 0 30.0 1 0 0
1007 1 50.0 1 7 2
1008 0 30.0 1 0 0
1009 0 10.0 1 3 1
1010 1 15.0 1 8 4
1011 0 30.0 1 2 9
1012 0 50.0 1 4 9
1013 0 50.0 1 2 3
1014 0 15.0 1 4 2
1015 1 30.0 1 6 0
1016 2 5.0 1 2 0
1017 0 10.0 1 3 5
1018 0 30.0 1 3 7
1019 2 5.0 1 7 6
1020 2 30.0 1 4 5
1021 0 10.0 1 0 0
1022 1 30.0 1 8 0
1023 2 10.0 1 3 0
1024 2 15.0 1 0 0
1025 0 10.0 1 5 2
1026 2 50.0 1 5 0
1027 0 50.0 1 8 9
1028 0 5.0 1 7 8
1029 2 50.0 1 6 9
1030 0 10.0 1 2 10
1031 2 10.0 1 9 5
1032 2 15.0 1 3 2
1033 1 5.0 1 2 0
1034 0 10.0 1 0 0
1035 1 5.0 1 0 0
1036 0 50.0 1 5 8
1037 0 15.0 1 10 0
1038 0 15.0 1 6 10
1039 2 5.0 1 3 0
1040 0 15.0 1 4 0
1041 0 10.0 2 0 0
1042 2 15.0 2 0 0
1043 1 15.0 2 0 0
1044 0 30.0 2 0 0
1045 0 5.0 2 9 6
1046 0 10.0 2 9 0
1047 1 50.0 2 0 0
1048 0 15.0 2 7 6
1049 1 15.0 2 3 5
1050 1 5.0 2 0 0
1051 0 15.0 2 7 0
1052 1 10.0 2 3 0
1053 0 30.0 2 0 0
1054 2 30.0 2 0 0
1055 1 30.0 2 5 0
1056 0 5.0 2 6 0
1057 2 10.0 2 9 0
1058 0 5.0 2 5 0
1059 0 10.0 2 7 8
1060 0 15.0 2 0 0
1061 2 5.0 2 1 0
1062 0 50.0 2 0 0
1063 1 5.0 2 7 0
1064 0 15.0 2 0 0
1065 0 15.0 2 6 0
1066 0 15.0 2 0 0
1067 2 15.0 2 4 6
1068 0 5.0 2 0 0
1069 2 10.0 2 0 0
1070 1 5.0 2 5 8
1071 0 5.0 2 1 3
1072 2 5.0 2 9 6
1073 0 10.0 2 5 1
1074 0 5.0 2 0 0
1075 0 30.0 2 1 0
1076 0 10.0 2 0 0
1077 2 5.0 2 10 0
1078 0 15.0 2 9 4
1079 2 5.0 2 0 0
1080 2 5.0 2 3 0
1081 2 15.0 3 5 0
1082 2 30.0 3 0 0
1083 1 5.0 3 8 0
1084 0 30.0 3 2 5
1085 1 30.0 3 5 7
1086 0 5.0 3 6 0
1087 1 10.0 3 10 0
1088 0 10.0 3 8 0
1089 0 10.0 3 0 0
1090 0 10.0 3 5 0
1091 1 5.0 3 2 10
1092 0 10.0 3 1 0
1093 1 10.0 3 5 0
1094 2 50.0 3 7 0
1095 0 5.0 3 0 0
1096 1 15.0 3 2 0
1097 0 15.0 3 6 0
1098 2 15.0 3 0 0
1099 0 30.0 3 9 8
1100 0 50.0 3 8 3
1101 1 50.0 3 2 8
1102 0 5.0 3 2 10
1103 0 5.0 3 4 0
1104 1 15.0 3 2 0
1105 2 50.0 3 1 0
1106 0 15.0 3 7 0
1107 0 50.0 3 9 4
1108 0 10.0 3 6 0
1109 2 5.0 3 4 0
1110 1 10.0 3 4 0
1111 0 10.0 3 4 0
1112 1 10.0 3 9 0
1113 2 5.0 3 6 4
1114 1 50.0 3 10 2
1115 0 50.0 3 10 7
1116 0 5.0 3 0 0
1117 1 15.0 3 8 0
1118 2 15.0 3 7 0
1119 2 30.0 3 0 0
1120 0 10.0 3 5 0
1121 0 15.0 4 10 0
1122 1 5.0 4 5 0
1123 0 5.0 4 10 0
1124 0 30.0 4 10 0
1125 0 50.0 4 5 0
1126 2 30.0 4 0 0
1127 1 5.0 4 10 0
1128 1 10.0 4 0 0
1129 1 5.0 4 6 1
1130 1 10.0 4 1 0
1131 2 15.0 4 6 1
1132 1 30.0 4 8 0
1133 0 50.0 4 5 0
1134 0 10.0 4 5 0
1135 0 5.0 4 0 0
1136 2 5.0 4 3 0
1137 1 15.0 4 2 0
1138 2 10.0 4 3 0
1139 0 30.0 4 6 0
1140 0 10.0 4 5 8
1141 0 5.0 4 9 0
1142 2 30.0 4 0 0
1143 0 5.0 4 2 0
1144 0 5.0 4 0 0
1145 2 15.0 4 0 0
1146 1 5.0 4 0 0
1147 0 10.0 4 3 0
1148 2 15.0 4 8 1
1149 1 10.0 4 10 0
1150 0 30.0 4 5 0
1151 0 5.0 4 3 0
1152 2 30.0 4 2 0
1153 0 30.0 4 2 0
1154 0 15.0 4 5 0
1155 0 10.0 4 9 0
1156 2 30.0 4 10 3
1157 0 10.0 4 7 0
1158 2 30.0 4 3 0
1159 0 50.0 4 3 0
1160 1 15.0 4 2 0
1161 2 30.0 5 1 3
1162 0 5.0 5 0 0
1163 0 30.0 5 3 0
1164 2 15.0 5 1 0
1165 0 30.0 5 2 0
1166 1 10.0 5 7 0
1167 2 15.0 5 4 7
1168 2 5.0 5 1 0
1169 0 5.0 5 8 0
1170 2 30.0 5 1 0
1171 0 30.0 5 0 0
1172 0 50.0 5 1 0
1173 1 30.0 5 7 0
1174 0 5.0 5 3 7
1175 1 15.0 5 2 0
1176 0 5.0 5 2 0
1177 1 5.0 5 2 0
1178 0 50.0 5 2 0
1179 0 30.0 5 1 0
1180 1 15.0 5 10 0
1181 1 10.0 5 8 0
1182 0 15.0 5 0 0
1183 2 50.0 5 6 8
1184 2 50.0 5 4 3
1185 0 50.0 5 9 0
1186 0 30.0 5 7 0
1187 2 5.0 5 8 0
1188 2 30.0 5 0 0
1189 2 50.0 5 7 6
1190 0 50.0 5 3 2
1191 1 30.0 5 9 2
1192 0 50.0 5 6 1
1193 1 10.0 5 0 0
1194 0 10.0 5 1 0
1195 2 5.0 5 0 0
1196 0 5.0 5 7 0
1197 1 50.0 5 6 0
1198 0 30.0 5 3 0
1199 0 10.0 5 0 0
1200 0 10.0 5 10 0
1201 0 15.0 6 7 0
1202 1 5.0 6 0 0
1203 0 30.0 6 4 0
1204 2 50.0 6 5 0
1205 0 15.0 6 3 0
1206 1 30.0 6 4 0
1207 2 50.0 6 2 7
1208 2 50.0 6 0 0
1209 1 30.0 6 8 0
1210 1 15.0 6 0 0
1211 0 10.0 6 2 0
1212 0 5.0 6 9 0
1213 2 30.0 6 0 0
1214 0 5.0 6 4 0
1215 2 30.0 6 0 0
1216 0 15.0 6 2 0
1217 2 15.0 6 0 0
1218 2 15.0 6 0 0
1219 0 30.0 6 7 0
1220 1 5.0 6 10 9
1221 0 10.0 6 0 0
1222 1 5.0 6 5 0
1223 0 15.0 6 10 1
1224 2 30.0 6 9 1
1225 1 5.0 6 0 0
1226 1 50.0 6 8 0
1227 0 30.0 6 0 0
1228 1 50.0 6 0 0
1229 2 30.0 6 8 0
1230 1 50.0 6 2 0
1231 0 5.0 6 0 0
1232 1 15.0 6 3 0
1233 2 15.0 6 1 4
1234 1 50.0 6 7 1
1235 2 5.0 6 0 0
1236 2 50.0 6 5 8
1237 2 15.0 6 7 4
1238 1 5.0 6 0 0
1239 2 15.0 6 0 0
1240 1 10.0 6 4 0
1241 2 30.0 7 0 0
1242 2 10.0 7 0 0
1243 2 15.0 7 10 2
1244 1 30.0 7 9 2
1245 1 10.0 7 0 0
1246 2 5.0 7 5 0
1247 1 50.0 7 4 0
1248 2 5.0 7 5 1
1249 0 5.0 7 0 0
1250 0 30.0 7 0 0
1251 2 5.0 7 6 0
1252 1 10.0 7 8 0
1253 2 50.0 7 3 6
1254 2 5.0 7 0 0
1255 0 30.0 7 6 0
1256 2 50.0 7 10 0
1257 1 5.0 7 5 0
1258 1 50.0 7 3 0
1259 0 30.0 7 0 0
1260 1 15.0 7 0 0
1261 0 50.0 7 6 2
1262 0 50.0 7 8 3
1263 0 15.0 7 3 1
1264 0 30.0 7 0 0
1265 2 10.0 7 0 0
1266 0 15.0 7 0 0
1267 1 5.0 7 0 0
1268 0 30.0 7 0 0
1269 1 15.0 7 0 0
1270 0 30.0 7 0 0
1271 2 10.0 7 0 0
1272 0 50.0 7 0 0
1273 0 5.0 7 5 0
1274 0 5.0 7 0 0
1275 0 15.0 7 10 4
1276 2 10.0 7 3 1
1277 0 50.0 7 3 8
1278 2 10.0 7 9 10
1279 0 10.0 7 4 3
1280 0 10.0 7 10 1
1281 0 15.0 8 10 2
1282 2 50.0 8 3 6
1283 1 10.0 8 6 4
1284 0 15.0 8 4 7
1285 1 50.0 8 3 4
1286 0 5.0 8 0 0
1287 1 10.0 8 4 1
1288 2 50.0 8 0 0
1289 2 30.0 8 0 0
1290 0 30.0 8 0 0
1291 0 5.0 8 10 9
1292 0 30.0 8 10 3
1293 0 30.0 8 0 0
1294 2 50.0 8 0 0
1295 2 15.0 8 0 0
1296 0 50.0 8 0 0
1297 0 30.0 8 0 0
1298 0 50.0 8 9 0
1299 1 50.0 8 1 7
1300 0 30.0 8 0 0
1301 0 10.0 8 2 5
1302 2 10.0 8 4 2
1303 0 10.0 8 0 0
1304 0 10.0 8 7 5
1305 1 10.0 8 0 0
1306 0 10.0 8 5 0
1307 2 15.0 8 3 0
1308 1 30.0 8 2 0
1309 0 5.0 8 7 0
1310 0 50.0 8 5 0
1311 0 10.0 8 4 0
1312 0 10.0 8 2 1
1313 0 10.0 8 1 0
1314 2 30.0 8 10 0
1315 1 15.0 8 0 0
1316 0 15.0 8 3 1
1317 2 5.0 8 7 8
1318 1 10.0 8 5 2
1319 0 15.0 8 6 3
1320 2 10.0 8 10 9
1321 1 5.0 9 10 0
1322 0 10.0 9 8 0
1323 1 50.0 9 10 0
1324 1 50.0 9 0 0
1325 0 50.0 9 7 6
1326 0 10.0 9 5 0
1327 0 15.0 9 0 0
1328 0 50.0 9 0 0
1329 2 5.0 9 0 0
1330 1 30.0 9 0 0
1331 0 5.0 9 7 0
1332 1 5.0 9 0 0
1333 0 10.0 9 4 0
1334 1 5.0 9 3 5
1335 1 10.0 9 0 0
1336 2 50.0 9 7 4
1337 2 30.0 9 1 3
1338 0 50.0 9 1 4
1339 2 50.0 9 0 0
1340 0 15.0 9 0 0
1341 1 30.0 9 1 7
1342 0 30.0 9 1 0
1343 0 50.0 9 6 2
1344 0 15.0 9 10 7
1345 0 50.0 9 5 1
1346 0 5.0 9 0 0
1347 1 15.0 9 2 0
1348 0 10.0 9 4 0
1349 1 5.0 9 0 0
1350 1 50.0 9 3 0
1351 0 50.0 9 10 2
1352 1 50.0 9 0 0
1353 0 10.0 9 4 7
1354 1 10.0 9 2 0
1355 0 30.0 9 6 5
1356 0 30.0 9 7 0
1357 0 30.0 9 4 2
1358 2 50.0 9 0 0
1359 2 30.0 9 5 0
1360 0 30.0 9 0 0
1361 2 10.0 10 6 0
1362 0 30.0 10 2 0
1363 0 15.0 10 0 0
1364 0 15.0 10 2 9
1365 1 30.0 10 6 5
1366 0 15.0 10 7 3
1367 2 10.0 10 1 8
1368 1 50.0 10 9 0
1369 0 30.0 10 0 0
1370 2 50.0 10 0 0
1371 0 10.0 10 0 0
1372 0 10.0 10 2 3
1373 2 15.0 10 8 2
1374 1 5.0 10 0 0
1375 1 50.0 10 9 0
1376 0 10.0 10 6 8
1377 0 15.0 10 8 2
1378 0 15.0 10 0 0
1379 0 30.0 10 3 0
1380 0 50.0 10 8 0
1381 1 50.0 10 4 0
1382 0 15.0 10 0 0
1383 0 50.0 10 0 0
1384 0 15.0 10 6 0
1385 0 10.0 10 0 0
1386 0 30.0 10 0 0
1387 2 50.0 10 0 0
1388 2 30.0 10 5 0
1389 2 15.0 10 0 0
1390 1 50.0 10 0 0
1391 0 15.0 10 8 0
1392 1 50.0 10 8 4
1393 0 5.0 10 0 0
1394 0 50.0 10 7 8
1395 0 50.0 10 6 0
1396 1 15.0 10 0 0
1397 0 15.0 10 8 0
1398 0 50.0 10 6 0
1399 1 30.0 10 8 0
1400 1 15.0 10 2 0