400

1001 0 30.0 1 0 0
1002 0 30.0 1 2 4
1003 0 5.0 1 5 0
1004 2 10.0 1 0 0
1005 1 5.0 1 0 0
1006 0 10.0 1 8 0
1007 0 30.0 1 7 8
1008 0 50.0 1 3 2
1009 2 50.0 1 9 1
1010 0 30.0 1 0 0
1011 2 30.0 1 9 0
1012 1 10.0 1 5 4
1013 0 5.0 1 2 9
1014 1 50.0 1 5 0
1015 0 15.0 1 9 0
1016 1 10.0 1 10 5
1017 0 10.0 1 5 0
1018 2 10.0 1 4 6
1019 2 30.0 1 8 0
1020 0 30.0 1 0 0
1021 0 10.0 1 10 2
1022 0 15.0 1 4 5
1023 2 15.0 1 2 10
1024 0 10.0 1 0 0
1025 0 10.0 1 4 0
1026 0 30.0 1 7 2
1027 2 15.0 1 7 8
1028 0 50.0 1 2 0
1029 0 50.0 1 0 0
1030 1 50.0 1 8 0
1031 0 15.0 1 0 0
1032 2 30.0 1 8 0
1033 1 10.0 1 6 0
1034 2 30.0 1 2 0
1035 2 15.0 1 4 6
1036 0 50.0 1 5 9
1037 1 5.0 1 8 10
1038 0 30.0 1 5 2
1039 0 10.0 1 2 7
1040 0 10.0 1 5 10
1041 0 50.0 2 0 0
1042 2 5.0 2 0 0
1043 0 5.0 2 9 0
1044 0 50.0 2 0 0
1045 0 50.0 2 7 0
1046 2 30.0 2 1 0
1047 0 10.0 2 4 0
1048 0 15.0 2 0 0
1049 1 5.0 2 0 0
1050 2 50.0 2 5 9
1051 2 10.0 2 8 1
1052 0 5.0 2 10 9
1053 0 10.0 2 1 0
1054 2 10.0 2 6 4
1055 0 10.0 2 0 0
1056 0 30.0 2 0 0
1057 0 15.0 2 5 6
1058 2 50.0 2 0 0
1059 1 30.0 2 7 0
1060 0 50.0 2 1 0
1061 2 5.0 2 0 0
1062 0 5.0 2 8 0
1063 0 30.0 2 1 4
1064 0 30.0 2 0 0
1065 0 10.0 2 4 0
1066 0 5.0 2 3 7
1067 2 15.0 2 10 1
1068 0 10.0 2 6 4
1069 0 50.0 2 0 0
1070 2 50.0 2 0 0
1071 0 50.0 2 5 0
1072 2 30.0 2 0 0
1073 0 30.0 2 7 0
1074 0 30.0 2 0 0
1075 0 30.0 2 5 0
1076 0 50.0 2 8 9
1077 1 15.0 2 5 0
1078 0 30.0 2 10 0
1079 0 10.0 2 0 0
1080 0 50.0 2 3 0
1081 1 5.0 3 0 0
1082 1 30.0 3 7 0
1083 0 50.0 3 4 0
1084 1 5.0 3 8 0
1085 2 10.0 3 0 0
1086 2 50.0 3 4 8
1087 0 10.0 3 4 0
1088 0 50.0 3 6 0
1089 1 30.0 3 9 0
1090 1 5.0 3 8 0
1091 1 15.0 3 7 0
1092 2 50.0 3 0 0
1093 0 50.0 3 4 5
1094 0 10.0 3 0 0
1095 1 15.0 3 0 0
1096 0 50.0 3 2 0
1097 0 15.0 3 0 0
1098 1 15.0 3 6 0
1099 1 5.0 3 10 0
1100 0 50.0 3 4 0
1101 2 15.0 3 9 0
1102 0 15.0 3 1 2
1103 1 10.0 3 0 0
1104 0 15.0 3 0 0
1105 2 15.0 3 6 0
1106 2 10.0 3 0 0
1107 1 5.0 3 0 0
1108 0 5.0 3 0 0
1109 1 15.0 3 8 5
1110 2 15.0 3 6 0
1111 0 30.0 3 7 0
1112 0 15.0 3 4 0
1113 0 15.0 3 0 0
1114 0 30.0 3 0 0
1115 1 15.0 3 0 0
1116 2 5.0 3 0 0
1117 0 50.0 3 0 0
1118 0 5.0 3 0 0
1119 0 10.0 3 0 0
1120 1 30.0 3 0 0
1121 0 10.0 4 6 2
1122 1 50.0 4 7 0
1123 0 10.0 4 6 8
1124 2 10.0 4 1 0
1125 1 10.0 4 10 1
1126 0 10.0 4 1 0
1127 0 5.0 4 8 9
1128 2 15.0 4 1 0
1129 0 30.0 4 7 0
1130 0 30.0 4 8 0
1131 0 50.0 4 0 0
1132 0 5.0 4 0 0
1133 0 10.0 4 0 0
1134 0 10.0 4 2 7
1135 2 15.0 4 10 2
1136 0 5.0 4 0 0
1137 2 50.0 4 2 1
1138 0 30.0 4 8 0
1139 1 5.0 4 2 0
1140 0 10.0 4 0 0
1141 2 50.0 4 2 0
1142 0 10.0 4 0 0
1143 1 15.0 4 0 0
1144 0 5.0 4 0 0
1145 0 50.0 4 0 0
1146 0 15.0 4 8 3
1147 1 15.0 4 2 0
1148 2 15.0 4 10 0
1149 0 5.0 4 2 0
1150 0 50.0 4 3 0
1151 0 15.0 4 0 0
1152 0 30.0 4 0 0
1153 2 10.0 4 0 0
1154 0 5.0 4 0 0
1155 0 10.0 4 2 0
1156 0 15.0 4 0 0
1157 2 5.0 4 9 0
1158 0 30.0 4 9 0
1159 1 50.0 4 0 0
1160 2 50.0 4 1 5
1161 1 10.0 5 9 8
1162 0 15.0 5 0 0
1163 1 5.0 5 8 0
1164 0 10.0 5 9 8
1165 0 30.0 5 6 0
1166 2 5.0 5 0 0
1167 0 50.0 5 4 0
1168 2 15.0 5 3 9
1169 0 5.0 5 0 0
1170 2 30.0 5 0 0
1171 0 10.0 5 0 0
1172 2 15.0 5 0 0
1173 0 30.0 5 0 0
1174 2 30.0 5 0 0
1175 0 5.0 5 7 3
1176 2 10.0 5 0 0
1177 1 10.0 5 9 0
1178 1 5.0 5 2 0
1179 1 5.0 5 0 0
1180 2 30.0 5 9 0
1181 1 50.0 5 6 0
1182 0 30.0 5 2 9
1183 0 15.0 5 0 0
1184 2 50.0 5 0 0
1185 0 15.0 5 0 0
1186 2 5.0 5 8 9
1187 0 30.0 5 0 0
1188 2 30.0 5 2 0
1189 2 5.0 5 4 3
1190 1 30.0 5 0 0
1191 0 5.0 5 7 8
1192 0 10.0 5 7 0
1193 0 30.0 5 0 0
1194 2 10.0 5 0 0
1195 1 10.0 5 1 8
1196 0 10.0 5 0 0
1197 1 50.0 5 0 0
1198 1 10.0 5 6 0
1199 2 30.0 5 9 0
1200 0 30.0 5 7 0
1201 2 50.0 6 1 0
1202 1 50.0 6 4 9
1203 2 15.0 6 9 0
1204 0 15.0 6 7 1
1205 0 30.0 6 10 0
1206 2 5.0 6 8 3
1207 0 50.0 6 10 0
1208 0 50.0 6 3 0
1209 2 30.0 6 8 0
1210 0 30.0 6 4 0
1211 2 50.0 6 8 3
1212 0 50.0 6 10 8
1213 0 15.0 6 10 0
1214 0 50.0 6 5 9
1215 0 15.0 6 10 0
1216 2 5.0 6 5 0
1217 1 30.0 6 9 0
1218 0 5.0 6 2 9
1219 0 5.0 6 8 0
1220 2 50.0 6 4 5
1221 1 10.0 6 2 4
1222 0 30.0 6 5 0
1223 0 50.0 6 0 0
1224 1 50.0 6 5 8
1225 2 15.0 6 3 7
1226 2 50.0 6 7 9
1227 2 15.0 6 0 0
1228 1 5.0 6 7 0
1229 2 50.0 6 10 0
1230 0 10.0 6 9 0
1231 0 30.0 6 0 0
1232 1 15.0 6 5 0
1233 0 15.0 6 3 0
1234 0 10.0 6 10 0
1235 0 30.0 6 3 8
1236 0 30.0 6 4 7
1237 1 15.0 6 9 1
1238 0 10.0 6 8 0
1239 0 5.0 6 5 0
1240 2 30.0 6 9 0
1241 1 30.0 7 1 0
1242 0 15.0 7 1 6
1243 2 30.0 7 1 0
1244 1 5.0 7 10 0
1245 2 50.0 7 6 0
1246 1 10.0 7 1 0
1247 2 5.0 7 9 0
1248 0 10.0 7 2 1
1249 1 5.0 7 5 9
1250 0 15.0 7 9 3
1251 2 10.0 7 0 0
1252 0 5.0 7 5 0
1253 1 50.0 7 8 9
1254 2 30.0 7 9 4
1255 1 5.0 7 9 5
1256 0 50.0 7 10 2
1257 1 15.0 7 6 0
1258 0 10.0 7 3 0
1259 2 15.0 7 9 0
1260 0 5.0 7 2 0
1261 2 15.0 7 8 0
1262 0 10.0 7 4 0
1263 0 5.0 7 9 6
1264 1 50.0 7 8 3
1265 1 30.0 7 2 10
1266 0 10.0 7 6 3
1267 0 5.0 7 6 0
1268 1 30.0 7 10 4
1269 1 15.0 7 0 0
1270 0 50.0 7 10 2
1271 1 50.0 7 3 0
1272 0 10.0 7 6 0
1273 0 5.0 7 3 0
1274 2 50.0 7 0 0
1275 2 30.0 7 3 0
1276 0 5.0 7 2 0
1277 0 10.0 7 5 8
1278 0 5.0 7 0 0
1279 0 50.0 7 6 0
1280 2 15.0 7 5 0
1281 0 30.0 8 4 10
1282 2 10.0 8 6 9
1283 0 50.0 8 9 3
1284 0 5.0 8 3 6
1285 1 50.0 8 0 0
1286 0 50.0 8 7 4
1287 0 15.0 8 10 9
1288 1 50.0 8 5 3
1289 0 15.0 8 4 0
1290 0 30.0 8 5 1
1291 1 30.0 8 9 0
1292 2 10.0 8 3 0
1293 1 5.0 8 2 0
1294 2 15.0 8 5 4
1295 1 50.0 8 10 5
1296 0 50.0 8 3 2
1297 0 5.0 8 2 3
1298 0 10.0 8 10 6
1299 0 5.0 8 0 0
1300 1 15.0 8 2 0
1301 2 5.0 8 0 0
1302 1 50.0 8 4 0
1303 2 50.0 8 9 3
1304 0 5.0 8 2 0
1305 2 15.0 8 4 0
1306 1 5.0 8 1 9
1307 1 50.0 8 9 3
1308 2 15.0 8 4 7
1309 1 15.0 8 0 0
1310 2 15.0 8 0 0
1311 0 15.0 8 0 0
1312 2 15.0 8 3 0
1313 0 50.0 8 9 0
1314 1 5.0 8 0 0
1315 1 10.0 8 6 4
1316 0 50.0 8 6 0
1317 2 15.0 8 6 0
1318 1 15.0 8 10 4
1319 0 50.0 8 0 0
1320 2 30.0 8 9 0
1321 0 50.0 9 0 0
1322 1 30.0 9 1 0
1323 1 10.0 9 2 0
1324 2 5.0 9 5 0
1325 2 10.0 9 0 0
1326 1 5.0 9 0 3
1327 1 50.0 9 5 0
1328 1 10.0 9 2 0
1329 0 50.0 9 2 0
1330 0 5.0 9 2 5
1331 2 10.0 9 5 7
1332 2 30.0 9 0 0
1333 2 30.0 9 0 0
1334 0 5.0 9 0 0
1335 1 5.0 9 0 0
1336 2 5.0 9 5 4
1337 2 30.0 9 0 0
1338 1 15.0 9 4 0
1339 0 30.0 9 8 0
1340 0 10.0 9 1 0
1341 0 50.0 9 0 0
1342 0 15.0 9 2 4
1343 1 30.0 9 5 2
1344 0 15.0 9 10 1
1345 1 10.0 9 2 5
1346 1 30.0 9 0 0
1347 0 30.0 9 0 0
1348 2 5.0 9 7 4
1349 0 5.0 9 7 1
1350 0 15.0 9 10 6
1351 0 10.0 9 3 0
1352 1 15.0 9 8 0
1353 2 30.0 9 10 0
1354 0 30.0 9 0 0
1355 2 15.0 9 0 0
1356 2 30.0 9 0 0
1357 1 30.0 9 0 0
1358 1 15.0 9 0 0
1359 1 50.0 9 2 0
1360 0 50.0 9 4 8
1361 1 5.0 10 9 0
1362 2 5.0 10 5 0
1363 0 5.0 10 1 0
1364 1 10.0 10 3 0
1365 2 30.0 10 7 0
1366 0 50.0 10 0 0
1367 1 15.0 10 0 0
1368 0 5.0 10 4 1
1369 0 30.0 10 8 0
1370 0 50.0 10 5 0
1371 2 30.0 10 3 0
1372 0 10.0 10 9 0
1373 1 15.0 10 5 0
1374 1 10.0 10 0 0
1375 1 15.0 10 9 5
1376 1 5.0 10 0 0
1377 0 15.0 10 1 0
1378 0 10.0 10 2 0
1379 0 5.0 10 3 0
1380 0 10.0 10 4 7
1381 1 10.0 10 0 0
1382 1 5.0 10 0 0
1383 2 30.0 10 7 2
1384 0 5.0 10 4 0
1385 1 15.0 10 0 0
1386 0 5.0 10 0 0
1387 0 50.0 10 0 0
1388 2 30.0 10 2 6
1389 2 5.0 10 6 0
1390 0 15.0 10 9 0
1391 1 15.0 10 6 0
1392 0 5.0 10 3 0
1393 1 10.0 10 0 0
1394 1 15.0 10 6 8
1395 0 30.0 10 4 3
1396 0 50.0 10 7 2
1397 0 10.0 10 7 0
1398 1 15.0 10 0 0
1399 0 10.0 10 0 0
1400 0 10.0 10 0 0