200

1001 1 5.0 17 1 0
1002 2 10.0 5 0 0
1003 0 15.0 8 0 0
1004 2 10.0 7 0 0
1005 0 50.0 5 0 0
1006 2 50.0 8 4 0
1007 1 5.0 7 0 0
1008 0 50.0 18 2 0
1009 1 15.0 14 0 0
1010 0 50.0 4 0 0
1011 2 10.0 5 0 2
1012 2 30.0 17 10 0
1013 1 30.0 10 0 0
1014 2 50.0 16 0 0
1015 1 50.0 10 0 0
1016 2 50.0 18 3 8
1017 2 50.0 18 6 0
1018 2 50.0 16 0 0
1019 2 30.0 19 0 0
1020 0 15.0 6 13 0
1021 0 10.0 17 0 0
1022 2 10.0 13 0 0
1023 0 10.0 2 0 0
1024 1 30.0 6 0 0
1025 0 10.0 6 0 0
1026 1 5.0 5 0 0
1027 2 50.0 5 0 0
1028 2 15.0 11 0 0
1029 0 50.0 5 0 0
1030 1 5.0 20 9 0
1031 1 50.0 15 0 0
1032 1 50.0 5 6 3
1033 1 30.0 12 0 0
1034 0 50.0 3 0 0
1035 2 15.0 8 0 0
1036 0 5.0 11 0 0
1037 0 30.0 10 9 0
1038 0 30.0 10 7 0
1039 1 10.0 9 0 0
1040 2 50.0 9 1 5
1041 0 50.0 10 20 18
1042 2 15.0 19 0 0
1043 2 5.0 19 0 0
1044 0 30.0 17 1 0
1045 1 10.0 19 0 0
1046 1 15.0 5 10 3
1047 0 30.0 5 15 0
1048 0 30.0 4 5 7
1049 2 30.0 2 0 0
1050 1 15.0 9 0 0
1051 2 50.0 16 0 0
1052 0 5.0 2 0 0
1053 2 5.0 17 0 0
1054 2 30.0 18 0 0
1055 2 30.0 5 0 0
1056 0 30.0 10 14 0
1057 0 15.0 1 0 3
1058 0 5.0 19 0 1
1059 2 50.0 14 3 0
1060 0 15.0 13 7 0
1061 2 30.0 19 18 3
1062 2 5.0 1 0 0
1063 0 30.0 19 10 15
1064 0 30.0 8 0 0
1065 0 15.0 7 0 0
1066 0 10.0 10 0 0
1067 0 30.0 3 0 0
1068 0 30.0 18 7 0
1069 0 50.0 7 0 0
1070 2 30.0 10 9 8
1071 2 50.0 8 0 0
1072 2 15.0 9 0 0
1073 1 5.0 16 0 0
1074 2 10.0 5 2 0
1075 1 5.0 5 13 0
1076 0 5.0 19 0 0
1077 2 50.0 16 0 0
1078 0 50.0 4 6 0
1079 2 5.0 7 4 0
1080 1 30.0 4 17 0
1081 2 15.0 15 3 0
1082 0 5.0 7 3 13
1083 0 30.0 20 15 0
1084 1 5.0 10 11 0
1085 2 30.0 16 1 0
1086 1 5.0 2 18 0
1087 0 30.0 1 0 0
1088 1 30.0 18 0 0
1089 2 10.0 10 0 3
1090 1 15.0 9 0 5
1091 2 15.0 12 0 0
1092 0 15.0 15 4 0
1093 2 5.0 15 0 0
1094 0 5.0 6 0 0
1095 2 10.0 10 13 0
1096 2 50.0 4 20 13
1097 2 5.0 15 0 2
1098 1 15.0 9 0 0
1099 0 10.0 3 0 0
1100 1 15.0 8 15 0
1101 1 50.0 16 0 0
1102 2 10.0 9 0 0
1103 1 15.0 18 7 2
1104 1 5.0 2 15 10
1105 0 50.0 1 3 0
1106 0 15.0 7 2 0
1107 1 15.0 7 8 0
1108 2 15.0 12 0 0
1109 2 50.0 14 0 0
1110 2 30.0 16 0 0
1111 0 10.0 17 3 0
1112 1 50.0 7 5 0
1113 2 10.0 18 17 6
1114 2 10.0 15 8 1
1115 0 15.0 12 0 0
1116 0 5.0 10 7 0
1117 1 15.0 1 14 0
1118 1 15.0 8 9 0
1119 1 30.0 13 11 2
1120 0 50.0 10 4 15
1121 0 10.0 2 0 0
1122 0 30.0 1 2 0
1123 1 5.0 11 0 0
1124 2 5.0 15 9 0
1125 0 5.0 15 0 0
1126 0 10.0 2 3 0
1127 1 30.0 8 11 15
1128 0 5.0 17 3 0
1129 0 15.0 17 0 0
1130 1 15.0 18 0 0
1131 1 15.0 1 0 0
1132 1 10.0 13 0 0
1133 1 10.0 18 0 0
1134 1 50.0 13 0 0
1135 2 5.0 13 0 0
1136 0 5.0 13 17 12
1137 0 50.0 19 0 0
1138 0 10.0 15 0 0
1139 2 50.0 3 0 0
1140 1 50.0 20 9 0
1141 2 5.0 19 8 0
1142 0 5.0 18 8 4
1143 0 15.0 17 2 0
1144 0 30.0 19 8 0
1145 0 30.0 14 3 0
1146 1 30.0 18 9 0
1147 2 50.0 4 8 0
1148 0 30.0 16 8 12
1149 1 30.0 15 3 0
1150 1 10.0 16 19 0
1151 0 50.0 11 0 0
1152 2 10.0 15 2 10
1153 2 15.0 15 1 2
1154 0 5.0 20 10 2
1155 2 15.0 15 0 0
1156 2 5.0 5 12 0
1157 0 50.0 19 3 8
1158 0 50.0 19 9 8
1159 1 5.0 6 15 0
1160 0 10.0 2 18 0
1161 1 15.0 19 12 0
1162 2 5.0 3 0 0
1163 2 50.0 19 15 0
1164 0 30.0 4 20 0
1165 0 5.0 3 8 15
1166 2 15.0 5 0 0
1167 1 50.0 5 7 10
1168 2 10.0 8 4 5
1169 1 50.0 12 0 0
1170 2 15.0 3 20 9
1171 1 30.0 10 0 0
1172 0 15.0 7 2 0
1173 0 10.0 9 5 0
1174 1 15.0 7 0 0
1175 1 50.0 13 0 0
1176 2 15.0 15 0 0
1177 1 5.0 12 13 0
1178 0 15.0 18 4 14
1179 0 5.0 14 0 0
1180 1 10.0 6 0 0
1181 2 30.0 6 0 0
1182 2 50.0 16 13 4
1183 0 30.0 4 5 0
1184 0 50.0 12 16 0
1185 1 5.0 7 9 0
1186 1 50.0 15 11 0
1187 1 10.0 4 0 0
1188 0 50.0 18 0 0
1189 2 15.0 17 0 0
1190 0 50.0 18 7 0
1191 2 30.0 7 2 18
1192 1 10.0 20 0 0
1193 1 5.0 20 0 0
1194 2 15.0 10 0 0
1195 1 30.0 19 6 0
1196 1 30.0 2 0 0
1197 0 50.0 1 0 0
1198 0 30.0 19 12 0
1199 0 50.0 1 6 0
1200 0 10.0 16 5 12