200

1001 1 10.0 20 13 6
1002 0 5.0 5 20 0
1003 2 50.0 1 0 0
1004 2 30.0 9 0 0
1005 1 30.0 7 0 0
1006 0 10.0 8 0 0
1007 0 15.0 7 0 0
1008 1 5.0 13 0 0
1009 1 30.0 15 0 0
1010 0 50.0 13 5 0
1011 0 50.0 2 0 0
1012 0 50.0 9 0 0
1013 1 5.0 17 7 0
1014 0 10.0 11 8 0
1015 1 5.0 12 0 0
1016 1 10.0 15 0 0
1017 0 30.0 3 1 7
1018 0 15.0 19 6 2
1019 2 30.0 15 10 0
1020 0 30.0 18 0 0
1021 1 10.0 8 0 0
1022 2 15.0 16 0 0
1023 1 30.0 7 0 0
1024 0 5.0 18 14 0
1025 0 5.0 10 0 0
1026 0 10.0 5 0 0
1027 0 10.0 10 14 1
1028 1 5.0 6 3 0
1029 0 15.0 3 1 5
1030 0 5.0 1 0 0
1031 1 50.0 1 0 0
1032 1 50.0 11 9 0
1033 2 5.0 6 20 0
1034 1 5.0 16 7 0
1035 1 5.0 19 12 0
1036 1 30.0 7 19 0
1037 2 50.0 7 1 8
1038 2 10.0 17 6 0
1039 2 5.0 19 20 0
1040 0 50.0 3 0 0
1041 2 15.0 18 13 15
1042 2 50.0 1 5 0
1043 2 5.0 4 1 0
1044 1 50.0 9 0 0
1045 2 15.0 19 1 0
1046 2 5.0 4 8 0
1047 0 50.0 19 14 0
1048 2 5.0 6 0 0
1049 1 10.0 3 0 0
1050 0 5.0 9 1 5
1051 0 10.0 2 4 7
1052 0 50.0 13 19 9
1053 1 15.0 9 0 0
1054 1 30.0 4 0 0
1055 1 50.0 15 0 0
1056 0 30.0 12 0 0
1057 2 15.0 9 0 0
1058 1 30.0 10 20 0
1059 1 5.0 14 12 2
1060 0 5.0 14 0 0
1061 1 50.0 15 13 0
1062 0 5.0 3 0 0
1063 0 50.0 2 4 0
1064 2 50.0 6 1 0
1065 2 15.0 3 4 0
1066 1 10.0 20 19 2
1067 0 15.0 17 0 0
1068 0 15.0 10 13 1
1069 0 10.0 4 0 0
1070 2 5.0 3 12 0
1071 0 10.0 10 11 0
1072 0 15.0 12 11 0
1073 1 5.0 14 18 0
1074 2 10.0 10 9 14
1075 0 10.0 8 11 1
1076 1 5.0 14 15 5
1077 2 30.0 14 5 3
1078 0 15.0 12 0 0
1079 2 50.0 6 0 0
1080 1 30.0 9 18 0
1081 0 30.0 1 0 0
1082 0 5.0 15 0 0
1083 0 30.0 3 0 0
1084 1 10.0 6 0 0
1085 1 15.0 16 0 0
1086 1 5.0 11 0 0
1087 0 50.0 16 17 0
1088 1 15.0 14 5 9
1089 2 10.0 2 0 0
1090 2 5.0 12 0 0
1091 2 15.0 18 4 0
1092 0 5.0 4 0 0
1093 1 5.0 12 2 0
1094 1 30.0 19 0 0
1095 0 10.0 3 0 0
1096 1 10.0 14 0 0
1097 0 50.0 4 0 0
1098 2 50.0 6 20 11
1099 2 15.0 14 0 0
1100 1 10.0 6 0 0
1101 0 15.0 5 0 0
1102 2 5.0 15 10 7
1103 2 30.0 5 0 0
1104 1 15.0 18 3 17
1105 2 50.0 4 3 0
1106 0 15.0 2 0 0
1107 2 30.0 17 0 0
1108 0 10.0 11 6 0
1109 0 30.0 20 5 0
1110 2 30.0 7 9 0
1111 0 15.0 4 0 0
1112 2 10.0 9 0 0
1113 2 50.0 14 20 16
1114 1 10.0 12 3 8
1115 1 15.0 19 1 0
1116 1 30.0 14 0 0
1117 0 50.0 17 0 0
1118 0 10.0 14 0 0
1119 1 15.0 2 0 0
1120 2 30.0 2 0 0
1121 2 50.0 7 0 0
1122 2 50.0 9 0 0
1123 0 30.0 6 11 0
1124 0 15.0 20 1 11
1125 1 5.0 11 0 0
1126 0 15.0 7 0 0
1127 0 15.0 19 16 14
1128 0 50.0 15 4 0
1129 1 50.0 18 2 0
1130 2 5.0 2 7 0
1131 0 15.0 14 3 0
1132 0 50.0 8 0 0
1133 2 5.0 20 15 6
1134 1 10.0 2 5 0
1135 1 50.0 19 0 0
1136 2 15.0 14 10 13
1137 1 5.0 11 0 0
1138 0 30.0 9 8 0
1139 0 50.0 9 1 0
1140 0 50.0 6 4 0
1141 1 10.0 4 6 0
1142 1 5.0 14 0 0
1143 2 5.0 15 0 0
1144 0 50.0 8 19 0
1145 2 15.0 14 6 0
1146 0 50.0 17 0 0
1147 0 30.0 20 0 0
1148 1 50.0 9 13 0
1149 0 30.0 4 9 0
1150 1 30.0 13 12 0
1151 1 15.0 5 10 11
1152 0 50.0 9 0 0
1153 2 5.0 6 2 16
1154 1 10.0 7 0 0
1155 0 5.0 2 0 0
1156 2 30.0 10 20 0
1157 0 15.0 3 0 0
1158 0 5.0 6 7 17
1159 0 10.0 14 2 9
1160 2 10.0 18 9 14
1161 1 15.0 20 1 0
1162 1 10.0 7 18 0
1163 2 5.0 20 2 0
1164 0 10.0 8 10 0
1165 0 5.0 19 9 3
1166 0 5.0 1 5 2
1167 0 50.0 20 10 9
1168 0 10.0 13 0 0
1169 2 30.0 19 17 0
1170 0 30.0 19 0 8
1171 2 50.0 10 0 0
1172 0 5.0 17 0 0
1173 2 30.0 19 0 0
1174 1 30.0 14 0 0
1175 1 15.0 20 0 0
1176 1 50.0 6 0 0
1177 2 30.0 14 4 17
1178 1 10.0 11 0 0
1179 0 50.0 7 0 0
1180 0 50.0 1 5 0
1181 1 50.0 18 0 0
1182 2 30.0 11 3 2
1183 2 10.0 7 0 0
1184 2 50.0 13 4 0
1185 2 5.0 16 0 0
1186 0 10.0 15 0 0
1187 2 10.0 12 11 13
1188 0 30.0 5 0 0
1189 0 15.0 5 0 0
1190 2 10.0 17 0 0
1191 2 5.0 15 9 0
1192 1 5.0 17 0 0
1193 1 5.0 10 0 0
1194 0 10.0 5 0 0
1195 2 5.0 2 0 0
1196 2 50.0 14 0 0
1197 0 30.0 19 0 0
1198 1 50.0 16 0 0
1199 2 50.0 18 0 0
1200 2 5.0 16 9 11