200

1001 0 5.0 1 0 0
1002 1 30.0 1 0 0
1003 1 50.0 1 0 0
1004 2 15.0 1 0 0
1005 1 5.0 1 0 0
1006 1 50.0 1 0 0
1007 1 30.0 1 0 0
1008 0 15.0 1 0 0
1009 1 10.0 1 0 0
1010 1 30.0 1 0 0
1011 0 10.0 2 9 0
1012 0 5.0 2 6 0
1013 2 15.0 2 7 0
1014 0 15.0 2 0 0
1015 0 5.0 2 8 0
1016 2 30.0 2 0 0
1017 0 10.0 2 0 0
1018 0 15.0 2 7 1
1019 2 15.0 2 6 8
1020 1 10.0 2 10 0
1021 2 10.0 3 0 0
1022 1 15.0 3 0 0
1023 0 50.0 3 8 4
1024 0 15.0 3 0 0
1025 0 30.0 3 0 0
1026 1 30.0 3 1 0
1027 0 30.0 3 7 0
1028 1 50.0 3 0 0
1029 0 5.0 3 6 0
1030 2 30.0 3 0 0
1031 0 50.0 4 0 0
1032 0 15.0 4 0 0
1033 2 30.0 4 0 0
1034 1 50.0 4 0 0
1035 2 50.0 4 0 0
1036 1 5.0 4 0 0
1037 1 30.0 4 7 0
1038 1 5.0 4 0 0
1039 2 10.0 4 0 0
1040 1 50.0 4 0 0
1041 2 15.0 5 9 0
1042 0 5.0 5 0 0
1043 1 30.0 5 0 0
1044 2 50.0 5 0 0
1045 1 15.0 5 3 1
1046 0 15.0 5 1 0
1047 0 15.0 5 0 0
1048 1 10.0 5 9 0
1049 0 30.0 5 0 0
1050 2 15.0 5 0 0
1051 1 5.0 6 0 0
1052 0 30.0 6 13 0
1053 1 10.0 6 0 0
1054 1 15.0 6 0 0
1055 0 30.0 6 0 0
1056 2 50.0 6 0 0
1057 1 30.0 6 0 0
1058 0 5.0 6 11 4
1059 0 15.0 6 2 0
1060 0 50.0 6 5 0
1061 1 50.0 7 2 0
1062 0 10.0 7 0 0
1063 0 15.0 7 8 0
1064 1 30.0 7 0 0
1065 0 5.0 7 8 6
1066 1 30.0 7 0 0
1067 0 15.0 7 0 0
1068 2 30.0 7 0 0
1069 1 30.0 7 0 0
1070 0 5.0 7 1 9
1071 0 15.0 8 6 4
1072 0 50.0 8 6 3
1073 0 30.0 8 0 0
1074 1 10.0 8 0 0
1075 0 15.0 8 9 2
1076 0 15.0 8 0 0
1077 1 15.0 8 2 0
1078 0 15.0 8 0 0
1079 2 10.0 8 2 0
1080 0 15.0 8 0 0
1081 0 10.0 9 0 0
1082 0 15.0 9 8 0
1083 1 10.0 9 0 0
1084 1 5.0 9 2 0
1085 0 5.0 9 0 0
1086 1 50.0 9 0 0
1087 0 50.0 9 0 0
1088 0 5.0 9 0 0
1089 1 5.0 9 0 0
1090 1 10.0 9 0 0
1091 1 50.0 10 4 0
1092 0 5.0 10 0 0
1093 2 10.0 10 0 0
1094 2 10.0 10 0 0
1095 0 50.0 10 0 0
1096 1 50.0 10 0 0
1097 2 30.0 10 3 0
1098 0 10.0 10 9 0
1099 0 50.0 10 0 0
1100 0 30.0 10 0 0
1101 1 5.0 11 0 0
1102 0 50.0 11 0 0
1103 0 30.0 11 0 0
1104 1 15.0 11 2 0
1105 1 5.0 11 17 0
1106 2 50.0 11 0 0
1107 1 5.0 11 0 0
1108 1 50.0 11 0 0
1109 0 50.0 11 0 0
1110 1 50.0 11 8 0
1111 0 5.0 12 15 0
1112 2 50.0 12 0 0
1113 1 50.0 12 2 0
1114 1 50.0 12 0 0
1115 1 50.0 12 0 0
1116 1 10.0 12 0 0
1117 0 15.0 12 0 0
1118 1 10.0 12 0 0
1119 1 50.0 12 0 0
1120 0 10.0 12 0 0
1121 0 30.0 13 0 0
1122 2 10.0 13 0 0
1123 1 30.0 13 0 0
1124 2 15.0 13 0 0
1125 1 30.0 13 0 0
1126 0 30.0 13 0 0
1127 1 30.0 13 0 0
1128 2 30.0 13 1 4
1129 1 30.0 13 0 0
1130 2 30.0 13 0 0
1131 0 30.0 14 0 0
1132 2 50.0 14 0 0
1133 1 30.0 14 5 0
1134 2 5.0 14 0 0
1135 1 50.0 14 0 0
1136 2 15.0 14 3 2
1137 0 15.0 14 4 0
1138 0 50.0 14 3 0
1139 0 30.0 14 0 0
1140 1 5.0 14 15 2
1141 1 5.0 15 0 0
1142 2 10.0 15 0 0
1143 0 10.0 15 0 0
1144 2 50.0 15 0 0
1145 0 10.0 15 0 0
1146 1 10.0 15 0 0
1147 0 50.0 15 0 0
1148 0 15.0 15 0 0
1149 1 5.0 15 0 0
1150 1 50.0 15 0 0
1151 0 10.0 16 9 0
1152 1 15.0 16 0 0
1153 0 10.0 16 2 7
1154 0 5.0 16 6 9
1155 1 30.0 16 0 0
1156 2 5.0 16 13 9
1157 0 10.0 16 6 2
1158 2 15.0 16 0 0
1159 1 5.0 16 0 0
1160 0 10.0 16 0 0
1161 1 10.0 17 0 0
1162 2 5.0 17 0 0
1163 2 10.0 17 0 0
1164 1 10.0 17 0 0
1165 0 15.0 17 0 0
1166 2 5.0 17 0 0
1167 1 50.0 17 0 0
1168 1 5.0 17 0 0
1169 2 30.0 17 0 0
1170 1 10.0 17 5 3
1171 2 15.0 18 0 0
1172 0 10.0 18 0 0
1173 0 15.0 18 0 0
1174 1 10.0 18 4 0
1175 2 5.0 18 5 0
1176 0 5.0 18 1 0
1177 2 50.0 18 0 0
1178 0 30.0 18 0 0
1179 0 15.0 18 2 0
1180 0 50.0 18 0 0
1181 1 50.0 19 0 0
1182 1 10.0 19 8 0
1183 0 5.0 19 1 6
1184 1 15.0 19 0 0
1185 0 15.0 19 15 9
1186 0 30.0 19 0 0
1187 0 30.0 19 0 0
1188 1 5.0 19 0 0
1189 0 10.0 19 0 0
1190 1 5.0 19 0 0
1191 0 5.0 20 0 0
1192 2 50.0 20 9 0
1193 1 5.0 20 0 0
1194 1 10.0 20 0 0
1195 1 15.0 20 0 0
1196 1 10.0 20 0 0
1197 2 30.0 20 4 0
1198 1 5.0 20 0 0
1199 1 10.0 20 0 0
1200 1 5.0 20 0 0