200

1001 0 50.0 1 0 0
1002 0 5.0 1 0 0
1003 0 50.0 1 0 0
1004 0 30.0 1 0 0
1005 1 15.0 1 0 0
1006 0 50.0 1 0 0
1007 0 5.0 1 0 0
1008 0 5.0 1 0 0
1009 1 50.0 1 9 0
1010 2 50.0 1 0 0
1011 2 5.0 2 0 0
1012 2 15.0 2 0 0
1013 1 30.0 2 0 0
1014 1 15.0 2 0 0
1015 0 50.0 2 0 0
1016 1 15.0 2 0 0
1017 1 5.0 2 0 0
1018 2 30.0 2 3 0
1019 0 30.0 2 5 0
1020 1 50.0 2 3 4
1021 2 30.0 3 9 0
1022 0 5.0 3 0 0
1023 0 5.0 3 0 0
1024 1 10.0 3 0 0
1025 2 10.0 3 0 0
1026 2 15.0 3 0 0
1027 0 10.0 3 0 0
1028 1 5.0 3 4 6
1029 2 30.0 3 9 0
1030 1 10.0 3 0 0
1031 0 50.0 4 0 0
1032 0 30.0 4 0 0
1033 1 15.0 4 3 0
1034 1 50.0 4 0 0
1035 2 15.0 4 0 0
1036 0 30.0 4 0 0
1037 2 50.0 4 8 6
1038 2 10.0 4 19 3
1039 2 30.0 4 0 0
1040 0 50.0 4 1 0
1041 1 30.0 5 0 0
1042 2 10.0 5 0 0
1043 0 30.0 5 0 0
1044 1 15.0 5 0 0
1045 0 15.0 5 9 0
1046 0 30.0 5 6 0
1047 2 15.0 5 0 0
1048 0 5.0 5 0 0
1049 1 50.0 5 0 0
1050 0 30.0 5 0 0
1051 0 15.0 6 0 0
1052 1 5.0 6 2 0
1053 2 50.0 6 0 0
1054 0 10.0 6 0 0
1055 1 10.0 6 9 0
1056 2 50.0 6 0 0
1057 1 10.0 6 0 0
1058 0 30.0 6 0 0
1059 1 5.0 6 0 0
1060 1 50.0 6 3 0
1061 0 50.0 7 0 0
1062 1 10.0 7 0 0
1063 1 5.0 7 6 5
1064 0 15.0 7 19 2
1065 0 15.0 7 0 0
1066 2 15.0 7 0 0
1067 2 50.0 7 9 0
1068 0 50.0 7 0 0
1069 0 5.0 7 0 0
1070 0 10.0 7 0 0
1071 0 50.0 8 3 0
1072 0 15.0 8 0 0
1073 0 30.0 8 2 0
1074 2 30.0 8 0 0
1075 0 15.0 8 0 0
1076 1 5.0 8 0 0
1077 1 10.0 8 0 0
1078 0 5.0 8 3 9
1079 2 5.0 8 10 4
1080 1 50.0 8 0 0
1081 0 10.0 9 0 0
1082 0 5.0 9 2 0
1083 0 15.0 9 8 0
1084 1 50.0 9 0 0
1085 0 10.0 9 0 0
1086 1 50.0 9 0 0
1087 0 30.0 9 0 0
1088 2 50.0 9 0 0
1089 2 10.0 9 0 0
1090 0 30.0 9 0 0
1091 1 50.0 10 0 0
1092 2 10.0 10 0 0
1093 0 15.0 10 0 0
1094 2 30.0 10 0 0
1095 0 50.0 10 0 0
1096 1 10.0 10 0 0
1097 1 15.0 10 0 0
1098 2 50.0 10 0 0
1099 1 15.0 10 0 0
1100 2 10.0 10 0 0
1101 1 5.0 11 3 1
1102 1 50.0 11 0 0
1103 2 10.0 11 6 0
1104 1 10.0 11 0 0
1105 2 15.0 11 4 9
1106 0 15.0 11 0 0
1107 0 10.0 11 0 0
1108 0 50.0 11 0 0
1109 1 10.0 11 9 0
1110 2 15.0 11 1 0
1111 2 5.0 12 0 0
1112 1 30.0 12 0 0
1113 2 10.0 12 0 0
1114 0 50.0 12 6 7
1115 2 10.0 12 0 0
1116 1 30.0 12 3 0
1117 0 30.0 12 0 0
1118 2 50.0 12 0 0
1119 1 5.0 12 0 0
1120 0 5.0 12 0 0
1121 2 15.0 13 5 2
1122 1 5.0 13 0 0
1123 0 5.0 13 0 0
1124 0 30.0 13 0 0
1125 0 15.0 13 6 0
1126 0 30.0 13 7 0
1127 1 15.0 13 0 0
1128 2 15.0 13 0 0
1129 0 15.0 13 0 0
1130 1 5.0 13 8 0
1131 2 5.0 14 0 0
1132 1 30.0 14 2 0
1133 0 5.0 14 0 0
1134 1 10.0 14 0 0
1135 0 50.0 14 0 0
1136 2 10.0 14 20 0
1137 2 5.0 14 0 0
1138 1 50.0 14 0 0
1139 2 10.0 14 0 0
1140 0 10.0 14 9 0
1141 2 30.0 15 0 0
1142 0 50.0 15 0 0
1143 1 10.0 15 0 0
1144 2 30.0 15 0 0
1145 0 15.0 15 0 0
1146 1 5.0 15 0 0
1147 2 50.0 15 4 0
1148 0 5.0 15 0 0
1149 0 30.0 15 0 0
1150 1 30.0 15 3 7
1151 1 30.0 16 0 0
1152 0 10.0 16 8 3
1153 1 30.0 16 9 0
1154 0 30.0 16 18 5
1155 0 50.0 16 0 0
1156 2 10.0 16 0 0
1157 2 15.0 16 4 0
1158 0 30.0 16 3 0
1159 2 30.0 16 9 0
1160 2 15.0 16 0 0
1161 0 15.0 17 0 0
1162 2 50.0 17 0 0
1163 1 30.0 17 0 0
1164 1 10.0 17 0 0
1165 1 15.0 17 0 0
1166 0 5.0 17 19 0
1167 0 15.0 17 0 0
1168 0 5.0 17 0 0
1169 1 10.0 17 0 0
1170 2 10.0 17 0 0
1171 2 5.0 18 20 1
1172 0 30.0 18 0 0
1173 1 15.0 18 3 0
1174 2 10.0 18 12 6
1175 1 30.0 18 0 0
1176 2 50.0 18 0 0
1177 0 10.0 18 0 0
1178 2 15.0 18 5 2
1179 0 5.0 18 0 0
1180 1 15.0 18 0 0
1181 0 30.0 19 0 0
1182 0 50.0 19 0 0
1183 2 10.0 19 0 0
1184 2 5.0 19 9 0
1185 1 5.0 19 0 0
1186 2 50.0 19 6 0
1187 2 5.0 19 0 0
1188 0 10.0 19 13 4
1189 2 10.0 19 0 0
1190 1 15.0 19 17 5
1191 0 5.0 20 0 0
1192 0 15.0 20 5 0
1193 0 30.0 20 0 0
1194 1 5.0 20 1 0
1195 2 50.0 20 0 0
1196 0 10.0 20 0 0
1197 1 5.0 20 0 0
1198 2 15.0 20 7 0
1199 0 30.0 20 0 0
1200 2 5.0 20 9 0