200

1001 1 30.0 1 8 0
1002 1 5.0 1 0 0
1003 1 10.0 1 0 0
1004 2 15.0 1 0 0
1005 0 50.0 1 0 0
1006 1 10.0 1 0 0
1007 0 15.0 1 0 0
1008 0 10.0 1 0 0
1009 1 10.0 1 0 0
1010 0 50.0 1 0 0
1011 0 50.0 2 0 0
1012 0 5.0 2 0 0
1013 1 15.0 2 0 0
1014 0 10.0 2 0 0
1015 2 5.0 2 14 4
1016 2 5.0 2 16 0
1017 2 15.0 2 0 0
1018 0 15.0 2 0 0
1019 1 15.0 2 0 0
1020 0 50.0 2 0 0
1021 1 10.0 3 0 0
1022 1 30.0 3 0 0
1023 0 15.0 3 0 0
1024 0 5.0 3 11 0
1025 0 15.0 3 0 0
1026 0 50.0 3 0 0
1027 0 15.0 3 0 0
1028 0 5.0 3 0 0
1029 0 15.0 3 0 0
1030 0 15.0 3 0 0
1031 0 5.0 4 0 0
1032 1 10.0 4 20 0
1033 0 50.0 4 0 0
1034 0 5.0 4 0 0
1035 0 5.0 4 0 0
1036 1 50.0 4 0 0
1037 0 50.0 4 0 0
1038 2 5.0 4 0 0
1039 0 30.0 4 0 0
1040 0 5.0 4 0 0
1041 0 5.0 5 0 0
1042 2 50.0 5 0 0
1043 1 10.0 5 0 0
1044 2 30.0 5 4 0
1045 1 50.0 5 0 0
1046 1 30.0 5 0 0
1047 1 50.0 5 0 0
1048 2 15.0 5 0 0
1049 0 5.0 5 18 0
1050 2 50.0 5 20 12
1051 0 30.0 6 9 7
1052 2 30.0 6 2 0
1053 2 5.0 6 0 0
1054 1 30.0 6 0 0
1055 0 15.0 6 0 0
1056 0 10.0 6 0 0
1057 2 30.0 6 0 0
1058 1 30.0 6 10 0
1059 2 30.0 6 0 0
1060 0 50.0 6 0 0
1061 0 50.0 7 3 0
1062 2 10.0 7 0 0
1063 0 50.0 7 17 9
1064 0 5.0 7 0 0
1065 2 15.0 7 0 0
1066 1 15.0 7 0 0
1067 0 10.0 7 17 0
1068 1 50.0 7 2 0
1069 0 5.0 7 0 0
1070 0 5.0 7 0 0
1071 0 50.0 8 0 0
1072 1 30.0 8 0 0
1073 0 10.0 8 0 0
1074 0 5.0 8 0 0
1075 1 30.0 8 0 0
1076 2 5.0 8 0 0
1077 0 50.0 8 0 0
1078 1 5.0 8 0 0
1079 0 50.0 8 0 0
1080 2 15.0 8 2 4
1081 1 5.0 9 14 0
1082 0 15.0 9 8 0
1083 2 30.0 9 0 0
1084 0 50.0 9 0 0
1085 1 15.0 9 0 0
1086 2 5.0 9 0 0
1087 0 10.0 9 0 0
1088 1 30.0 9 0 0
1089 1 5.0 9 15 0
1090 1 5.0 9 7 0
1091 1 50.0 10 0 0
1092 2 30.0 10 9 0
1093 0 15.0 10 4 0
1094 1 5.0 10 0 0
1095 2 10.0 10 0 0
1096 0 10.0 10 0 0
1097 1 10.0 10 0 0
1098 2 5.0 10 15 0
1099 2 50.0 10 0 0
1100 0 10.0 10 0 0
1101 1 5.0 11 0 0
1102 0 30.0 11 13 0
1103 1 5.0 11 5 0
1104 2 15.0 11 0 0
1105 2 15.0 11 0 0
1106 0 30.0 11 0 0
1107 1 15.0 11 0 0
1108 2 10.0 11 12 0
1109 1 5.0 11 0 0
1110 0 5.0 11 0 0
1111 1 30.0 12 0 0
1112 1 30.0 12 0 0
1113 0 10.0 12 0 0
1114 1 5.0 12 0 0
1115 1 50.0 12 0 0
1116 1 30.0 12 0 0
1117 1 50.0 12 2 0
1118 0 30.0 12 0 0
1119 0 30.0 12 0 0
1120 1 50.0 12 0 0
1121 0 50.0 13 0 0
1122 0 15.0 13 0 0
1123 0 5.0 13 0 0
1124 1 50.0 13 17 0
1125 2 15.0 13 0 0
1126 1 30.0 13 0 0
1127 1 50.0 13 0 0
1128 1 50.0 13 15 11
1129 0 30.0 13 0 0
1130 1 30.0 13 8 0
1131 0 10.0 14 0 0
1132 1 30.0 14 0 0
1133 1 10.0 14 0 0
1134 0 30.0 14 0 0
1135 1 30.0 14 0 0
1136 1 10.0 14 7 0
1137 1 15.0 14 0 0
1138 1 30.0 14 0 0
1139 1 15.0 14 2 0
1140 1 50.0 14 7 0
1141 1 15.0 15 0 0
1142 0 15.0 15 11 0
1143 1 10.0 15 3 0
1144 1 10.0 15 0 0
1145 1 15.0 15 20 13
1146 1 5.0 15 1 0
1147 0 10.0 15 0 0
1148 2 30.0 15 0 0
1149 1 5.0 15 0 0
1150 1 10.0 15 0 0
1151 2 5.0 16 13 7
1152 2 50.0 16 5 18
1153 1 30.0 16 0 0
1154 0 50.0 16 0 7
1155 2 50.0 16 0 0
1156 0 30.0 16 0 0
1157 1 50.0 16 3 0
1158 0 10.0 16 0 0
1159 2 10.0 16 0 0
1160 0 30.0 16 0 0
1161 1 15.0 17 9 0
1162 0 5.0 17 1 5
1163 1 5.0 17 0 0
1164 0 15.0 17 0 0
1165 0 5.0 17 4 0
1166 0 15.0 17 8 5
1167 1 10.0 17 5 0
1168 0 50.0 17 11 10
1169 1 10.0 17 0 0
1170 1 30.0 17 0 0
1171 1 15.0 18 16 0
1172 0 30.0 18 4 5
1173 2 5.0 18 0 0
1174 1 30.0 18 0 0
1175 0 10.0 18 0 0
1176 0 10.0 18 0 0
1177 2 50.0 18 1 0
1178 2 50.0 18 11 0
1179 1 15.0 18 0 0
1180 0 50.0 18 12 0
1181 0 10.0 19 0 0
1182 1 30.0 19 0 0
1183 1 50.0 19 15 2
1184 2 30.0 19 0 0
1185 1 15.0 19 13 4
1186 1 30.0 19 1 0
1187 0 15.0 19 9 8
1188 1 10.0 19 18 0
1189 2 15.0 19 0 0
1190 0 15.0 19 3 0
1191 0 10.0 20 1 15
1192 1 10.0 20 10 1
1193 1 5.0 20 0 0
1194 2 50.0 20 0 0
1195 2 10.0 20 0 0
1196 0 10.0 20 0 0
1197 0 15.0 20 0 0
1198 2 10.0 20 0 0
1199 1 15.0 20 0 0
1200 1 10.0 20 13 14