200

1001 0 50.0 4 17 3
1002 0 10.0 4 0 0
1003 1 10.0 11 0 0
1004 2 30.0 8 0 0
1005 2 30.0 7 0 0
1006 1 15.0 10 0 0
1007 1 10.0 14 9 1
1008 0 10.0 16 0 0
1009 1 15.0 14 6 0
1010 0 15.0 2 0 0
1011 1 10.0 5 0 0
1012 2 10.0 20 9 0
1013 0 15.0 13 7 5
1014 2 5.0 17 0 0
1015 2 15.0 10 11 2
1016 1 10.0 4 0 0
1017 2 30.0 12 0 0
1018 1 15.0 15 18 19
1019 0 30.0 2 18 0
1020 1 30.0 18 0 0
1021 1 15.0 15 0 0
1022 1 50.0 8 2 0
1023 2 5.0 16 20 0
1024 1 50.0 3 19 5
1025 0 30.0 11 3 0
1026 0 10.0 12 0 0
1027 0 10.0 7 0 0
1028 0 5.0 12 5 14
1029 2 10.0 2 6 0
1030 0 15.0 1 2 0
1031 2 10.0 17 4 13
1032 2 50.0 2 18 0
1033 1 50.0 7 0 0
1034 1 50.0 3 7 0
1035 0 10.0 18 10 0
1036 1 50.0 12 9 18
1037 2 5.0 7 0 0
1038 1 10.0 2 0 0
1039 1 5.0 13 20 4
1040 2 30.0 19 0 0
1041 2 30.0 12 0 0
1042 2 30.0 18 10 0
1043 2 15.0 7 0 0
1044 2 10.0 9 0 0
1045 0 15.0 1 11 0
1046 2 10.0 15 8 4
1047 1 5.0 14 11 0
1048 2 15.0 2 0 0
1049 2 50.0 17 0 0
1050 2 15.0 13 0 0
1051 2 10.0 3 20 0
1052 0 10.0 11 0 0
1053 0 50.0 19 0 0
1054 2 5.0 8 11 9
1055 1 5.0 5 9 12
1056 0 50.0 10 2 0
1057 1 15.0 6 0 0
1058 1 30.0 11 0 0
1059 1 30.0 12 0 0
1060 1 5.0 14 9 0
1061 2 10.0 16 14 1
1062 1 15.0 6 11 7
1063 1 5.0 15 0 0
1064 1 15.0 19 0 0
1065 0 50.0 2 0 0
1066 1 30.0 3 0 0
1067 2 10.0 14 2 0
1068 1 10.0 15 7 0
1069 2 5.0 12 5 0
1070 0 30.0 20 4 0
1071 2 15.0 20 1 8
1072 2 30.0 16 14 5
1073 0 30.0 19 0 0
1074 1 50.0 13 0 0
1075 0 15.0 9 0 0
1076 1 10.0 12 20 0
1077 1 5.0 13 19 11
1078 2 5.0 5 15 0
1079 0 30.0 6 5 0
1080 1 50.0 7 2 0
1081 0 50.0 4 9 0
1082 0 50.0 19 15 11
1083 1 50.0 16 8 0
1084 1 30.0 12 13 0
1085 0 15.0 10 0 0
1086 1 50.0 8 0 0
1087 0 10.0 4 0 0
1088 2 5.0 8 20 0
1089 0 15.0 5 3 0
1090 2 15.0 3 0 0
1091 0 5.0 14 0 0
1092 2 5.0 3 0 0
1093 2 30.0 6 4 13
1094 0 5.0 18 11 0
1095 2 10.0 17 0 0
1096 0 5.0 15 0 0
1097 1 15.0 16 0 0
1098 2 5.0 20 0 0
1099 2 10.0 13 0 0
1100 0 30.0 18 19 4
1101 2 15.0 17 13 6
1102 2 15.0 3 0 0
1103 2 5.0 9 0 0
1104 1 30.0 12 0 0
1105 1 30.0 19 0 0
1106 0 50.0 14 2 0
1107 0 30.0 14 6 15
1108 1 50.0 7 6 0
1109 0 5.0 7 0 0
1110 0 15.0 20 0 0
1111 0 30.0 7 0 0
1112 2 50.0 10 0 0
1113 0 15.0 3 0 0
1114 2 30.0 14 7 0
1115 0 50.0 11 0 0
1116 1 5.0 1 0 0
1117 0 10.0 17 0 0
1118 2 50.0 7 4 0
1119 0 5.0 15 0 0
1120 1 30.0 16 1 0
1121 0 30.0 7 6 0
1122 2 15.0 10 1 3
1123 1 10.0 20 10 6
1124 0 10.0 1 0 0
1125 2 15.0 16 0 0
1126 1 30.0 4 0 0
1127 2 30.0 7 5 0
1128 1 5.0 10 14 0
1129 0 30.0 20 0 0
1130 0 10.0 5 0 0
1131 0 50.0 13 12 8
1132 0 50.0 2 20 6
1133 0 50.0 11 3 14
1134 1 15.0 12 0 0
1135 1 30.0 19 0 0
1136 0 50.0 16 7 0
1137 1 15.0 13 3 20
1138 2 5.0 14 12 9
1139 0 10.0 17 10 6
1140 2 30.0 19 15 7
1141 0 50.0 18 8 0
1142 1 10.0 1 5 0
1143 0 50.0 11 6 0
1144 1 50.0 14 7 0
1145 2 10.0 19 0 0
1146 1 10.0 20 5 0
1147 0 30.0 1 19 0
1148 0 10.0 3 0 0
1149 0 15.0 20 0 0
1150 2 15.0 2 0 0
1151 1 15.0 4 14 0
1152 1 10.0 2 0 0
1153 2 15.0 5 0 0
1154 2 50.0 8 1 0
1155 1 10.0 10 0 0
1156 0 10.0 1 0 0
1157 0 10.0 8 0 0
1158 0 5.0 6 0 0
1159 2 10.0 5 14 0
1160 2 50.0 5 0 0
1161 2 15.0 1 17 0
1162 2 50.0 1 9 0
1163 1 30.0 15 0 0
1164 1 5.0 1 11 0
1165 2 50.0 16 0 0
1166 1 10.0 12 0 0
1167 1 30.0 16 0 0
1168 1 15.0 17 0 0
1169 0 5.0 1 0 0
1170 1 50.0 7 0 0
1171 0 30.0 7 3 0
1172 2 30.0 3 4 13
1173 1 15.0 6 7 0
1174 1 50.0 15 9 0
1175 0 30.0 13 0 0
1176 2 30.0 15 9 0
1177 0 10.0 1 2 0
1178 0 10.0 13 0 0
1179 0 15.0 9 13 0
1180 2 15.0 18 0 0
1181 1 10.0 18 9 0
1182 2 30.0 19 0 0
1183 2 50.0 17 0 0
1184 2 10.0 6 0 0
1185 1 5.0 20 0 0
1186 1 10.0 18 4 11
1187 2 50.0 16 11 0
1188 1 10.0 7 10 15
1189 0 10.0 8 0 16
1190 1 15.0 11 13 7
1191 2 50.0 4 12 0
1192 2 10.0 8 0 0
1193 0 15.0 6 0 0
1194 0 10.0 1 0 0
1195 1 5.0 3 0 0
1196 1 30.0 17 0 0
1197 1 5.0 8 0 0
1198 1 10.0 13 3 10
1199 0 15.0 11 8 7
1200 1 15.0 14 4 11