200

1001 0 15.0 1 0 0
1002 2 15.0 1 9 0
1003 0 10.0 1 12 5
1004 2 15.0 1 16 2
1005 0 50.0 1 0 0
1006 0 50.0 1 0 0
1007 0 15.0 1 8 6
1008 0 15.0 1 18 5
1009 0 30.0 1 0 0
1010 0 30.0 1 0 0
1011 0 5.0 2 0 0
1012 1 5.0 2 5 4
1013 0 50.0 2 4 0
1014 1 50.0 2 0 0
1015 0 5.0 2 0 0
1016 1 15.0 2 7 0
1017 0 30.0 2 8 1
1018 0 5.0 2 0 0
1019 0 5.0 2 9 7
1020 0 30.0 2 4 0
1021 0 30.0 3 0 0
1022 2 15.0 3 1 0
1023 0 10.0 3 0 0
1024 2 5.0 3 6 0
1025 0 15.0 3 0 0
1026 0 50.0 3 0 0
1027 0 10.0 3 1 0
1028 2 5.0 3 2 0
1029 0 50.0 3 0 0
1030 2 30.0 3 1 0
1031 1 30.0 4 3 0
1032 0 30.0 4 0 0
1033 0 30.0 4 0 0
1034 2 10.0 4 3 8
1035 0 5.0 4 0 0
1036 2 15.0 4 5 1
1037 1 50.0 4 19 9
1038 0 10.0 4 0 0
1039 0 5.0 4 0 0
1040 0 50.0 4 0 0
1041 0 30.0 5 2 1
1042 1 15.0 5 8 13
1043 0 30.0 5 6 0
1044 2 15.0 5 1 0
1045 0 50.0 5 1 0
1046 0 15.0 5 0 0
1047 1 5.0 5 2 0
1048 0 50.0 5 0 0
1049 0 15.0 5 12 0
1050 0 15.0 5 0 0
1051 0 15.0 6 0 0
1052 0 10.0 6 2 0
1053 1 10.0 6 0 0
1054 2 30.0 6 0 0
1055 0 15.0 6 20 19
1056 2 10.0 6 2 0
1057 2 30.0 6 13 0
1058 0 10.0 6 16 0
1059 1 30.0 6 3 0
1060 1 5.0 6 14 8
1061 1 5.0 7 16 0
1062 1 10.0 7 10 0
1063 2 50.0 7 9 20
1064 0 50.0 7 2 0
1065 0 15.0 7 10 0
1066 0 50.0 7 0 0
1067 0 10.0 7 0 0
1068 0 15.0 7 3 0
1069 0 30.0 7 1 0
1070 0 5.0 7 0 0
1071 2 10.0 8 0 0
1072 2 5.0 8 0 0
1073 2 50.0 8 9 0
1074 0 30.0 8 11 0
1075 0 5.0 8 2 0
1076 0 15.0 8 4 9
1077 2 30.0 8 4 18
1078 0 15.0 8 0 0
1079 0 5.0 8 7 16
1080 2 10.0 8 9 4
1081 1 5.0 9 14 7
1082 1 10.0 9 4 0
1083 1 5.0 9 3 0
1084 2 5.0 9 10 0
1085 1 50.0 9 0 0
1086 2 50.0 9 0 0
1087 1 10.0 9 1 0
1088 0 30.0 9 6 0
1089 0 5.0 9 10 6
1090 0 30.0 9 12 1
1091 1 50.0 10 11 9
1092 0 10.0 10 19 12
1093 0 15.0 10 15 20
1094 1 15.0 10 0 0
1095 0 50.0 10 6 0
1096 2 50.0 10 0 0
1097 1 10.0 10 0 0
1098 0 30.0 10 4 0
1099 1 10.0 10 0 0
1100 2 30.0 10 0 0
1101 0 15.0 11 0 0
1102 2 5.0 11 0 0
1103 0 30.0 11 0 0
1104 0 10.0 11 20 2
1105 1 30.0 11 10 7
1106 0 5.0 11 1 6
1107 2 15.0 11 6 0
1108 2 10.0 11 0 0
1109 0 15.0 11 0 0
1110 0 30.0 11 0 0
1111 1 10.0 12 18 2
1112 1 15.0 12 17 7
1113 2 10.0 12 0 0
1114 2 15.0 12 0 0
1115 0 30.0 12 0 0
1116 1 15.0 12 0 0
1117 0 15.0 12 2 0
1118 0 10.0 12 0 0
1119 1 50.0 12 0 0
1120 1 30.0 12 0 0
1121 0 10.0 13 2 0
1122 0 5.0 13 9 0
1123 0 5.0 13 15 10
1124 2 50.0 13 15 8
1125 1 5.0 13 0 0
1126 0 10.0 13 3 0
1127 2 10.0 13 14 15
1128 1 5.0 13 5 0
1129 0 30.0 13 0 0
1130 1 50.0 13 2 4
1131 1 30.0 14 8 0
1132 2 50.0 14 1 0
1133 0 30.0 14 9 0
1134 2 15.0 14 3 0
1135 0 30.0 14 1 0
1136 0 50.0 14 0 0
1137 0 50.0 14 0 0
1138 0 10.0 14 16 0
1139 0 5.0 14 9 12
1140 1 50.0 14 16 0
1141 1 5.0 15 17 9
1142 1 10.0 15 4 19
1143 2 50.0 15 6 9
1144 0 15.0 15 5 2
1145 2 10.0 15 0 0
1146 1 30.0 15 4 12
1147 1 50.0 15 14 3
1148 1 50.0 15 2 8
1149 0 30.0 15 0 0
1150 0 5.0 15 0 0
1151 1 10.0 16 4 0
1152 1 5.0 16 0 0
1153 0 10.0 16 8 0
1154 1 10.0 16 0 0
1155 1 10.0 16 0 0
1156 1 10.0 16 2 5
1157 0 50.0 16 0 0
1158 2 15.0 16 0 0
1159 0 10.0 16 8 0
1160 2 10.0 16 3 0
1161 0 5.0 17 0 0
1162 0 50.0 17 0 0
1163 2 10.0 17 1 0
1164 1 5.0 17 0 0
1165 2 15.0 17 12 9
1166 0 30.0 17 2 1
1167 0 15.0 17 18 2
1168 2 30.0 17 0 0
1169 2 5.0 17 4 15
1170 0 15.0 17 5 4
1171 0 5.0 18 1 5
1172 2 15.0 18 7 6
1173 0 15.0 18 17 3
1174 0 30.0 18 9 8
1175 0 50.0 18 0 0
1176 1 10.0 18 0 0
1177 1 30.0 18 2 0
1178 0 5.0 18 0 0
1179 0 30.0 18 0 0
1180 2 15.0 18 0 0
1181 1 50.0 19 0 0
1182 0 50.0 19 0 0
1183 2 15.0 19 11 1
1184 2 30.0 19 4 0
1185 2 50.0 19 7 1
1186 1 50.0 19 0 0
1187 0 50.0 19 6 0
1188 2 5.0 19 17 5
1189 1 10.0 19 2 4
1190 0 5.0 19 16 4
1191 0 50.0 20 5 0
1192 1 5.0 20 0 0
1193 2 15.0 20 0 0
1194 2 5.0 20 14 4
1195 1 30.0 20 0 0
1196 0 50.0 20 8 0
1197 2 10.0 20 6 0
1198 2 5.0 20 10 7
1199 0 50.0 20 7 18
1200 2 30.0 20 0 0
