200

1001 0 30.0 1 5 17
1002 2 10.0 1 0 0
1003 0 50.0 1 0 0
1004 0 50.0 1 0 0
1005 0 10.0 1 0 0
1006 1 5.0 1 0 0
1007 0 50.0 1 17 5
1008 1 5.0 1 9 20
1009 1 10.0 1 0 0
1010 1 15.0 1 0 0
1011 1 15.0 2 0 0
1012 0 50.0 2 0 0
1013 0 30.0 2 5 0
1014 0 10.0 2 0 0
1015 2 15.0 2 0 0
1016 0 30.0 2 1 18
1017 2 15.0 2 7 0
1018 0 5.0 2 0 0
1019 0 5.0 2 12 18
1020 2 50.0 2 8 6
1021 0 10.0 3 1 8
1022 0 30.0 3 0 0
1023 0 30.0 3 0 0
1024 1 50.0 3 16 20
1025 2 15.0 3 0 0
1026 1 5.0 3 20 19
1027 1 30.0 3 16 7
1028 0 5.0 3 19 5
1029 1 50.0 3 8 10
1030 0 50.0 3 13 20
1031 2 10.0 4 0 0
1032 0 30.0 4 14 13
1033 1 30.0 4 0 0
1034 0 30.0 4 0 0
1035 0 5.0 4 0 0
1036 0 5.0 4 0 0
1037 0 30.0 4 15 5
1038 0 15.0 4 0 0
1039 1 30.0 4 15 13
1040 0 30.0 4 12 1
1041 1 10.0 5 9 0
1042 0 10.0 5 0 0
1043 2 5.0 5 0 0
1044 1 50.0 5 6 0
1045 0 50.0 5 0 0
1046 2 30.0 5 0 0
1047 0 30.0 5 0 0
1048 0 10.0 5 0 0
1049 2 10.0 5 0 0
1050 0 10.0 5 4 9
1051 2 5.0 6 10 2
1052 1 50.0 6 11 8
1053 0 15.0 6 9 10
1054 1 5.0 6 0 0
1055 1 15.0 6 18 5
1056 0 10.0 6 19 0
1057 2 10.0 6 0 0
1058 0 50.0 6 0 0
1059 2 5.0 6 10 4
1060 0 5.0 6 0 0
1061 1 30.0 7 1 0
1062 0 50.0 7 0 0
1063 0 30.0 7 3 12
1064 1 30.0 7 0 0
1065 2 5.0 7 2 3
1066 0 10.0 7 0 0
1067 0 30.0 7 0 0
1068 2 50.0 7 0 0
1069 0 5.0 7 4 0
1070 2 5.0 7 1 0
1071 0 5.0 8 17 16
1072 1 10.0 8 7 3
1073 0 50.0 8 0 0
1074 0 15.0 8 7 2
1075 2 30.0 8 3 15
1076 0 30.0 8 0 0
1077 0 15.0 8 3 1
1078 0 50.0 8 0 0
1079 2 10.0 8 0 0
1080 1 30.0 8 0 0
1081 1 5.0 9 0 0
1082 0 50.0 9 0 0
1083 0 10.0 9 0 0
1084 1 50.0 9 0 0
1085 0 50.0 9 16 0
1086 2 10.0 9 3 0
1087 0 10.0 9 0 0
1088 0 50.0 9 15 8
1089 1 50.0 9 4 8
1090 0 15.0 9 10 0
1091 0 10.0 10 13 4
1092 1 10.0 10 1 0
1093 1 5.0 10 8 0
1094 2 5.0 10 0 0
1095 1 15.0 10 0 0
1096 0 50.0 10 6 0
1097 0 50.0 10 0 0
1098 2 30.0 10 0 0
1099 1 10.0 10 12 4
1100 0 10.0 10 19 3
1101 1 15.0 11 0 0
1102 2 5.0 11 16 1
1103 2 15.0 11 8 0
1104 0 5.0 11 6 0
1105 0 30.0 11 3 0
1106 2 50.0 11 0 0
1107 0 5.0 11 19 8
1108 0 50.0 11 2 6
1109 1 5.0 11 0 0
1110 0 15.0 11 0 0
1111 1 5.0 12 7 0
1112 1 50.0 12 20 1
1113 0 30.0 12 15 4
1114 2 30.0 12 0 0
1115 0 50.0 12 0 0
1116 1 15.0 12 9 0
1117 1 10.0 12 0 0
1118 2 10.0 12 0 0
1119 2 30.0 12 4 0
1120 1 10.0 12 2 0
1121 0 30.0 13 3 7
1122 2 10.0 13 0 0
1123 0 5.0 13 0 0
1124 2 5.0 13 4 0
1125 2 30.0 13 1 6
1126 0 10.0 13 7 4
1127 1 50.0 13 0 0
1128 2 5.0 13 6 0
1129 0 50.0 13 0 0
1130 0 5.0 13 6 0
1131 2 15.0 14 0 0
1132 0 10.0 14 8 9
1133 0 50.0 14 4 3
1134 2 5.0 14 3 0
1135 1 30.0 14 4 0
1136 2 5.0 14 1 0
1137 2 15.0 14 9 0
1138 2 10.0 14 7 0
1139 2 15.0 14 0 0
1140 0 15.0 14 8 0
1141 2 15.0 15 1 7
1142 0 5.0 15 1 0
1143 0 30.0 15 0 0
1144 0 15.0 15 6 0
1145 1 30.0 15 2 0
1146 0 15.0 15 0 0
1147 0 15.0 15 6 3
1148 0 15.0 15 4 3
1149 0 15.0 15 0 0
1150 0 15.0 15 2 0
1151 2 10.0 16 4 0
1152 0 10.0 16 0 0
1153 2 10.0 16 11 19
1154 1 5.0 16 0 0
1155 2 10.0 16 10 9
1156 1 30.0 16 0 0
1157 0 15.0 16 13 0
1158 0 15.0 16 4 0
1159 0 30.0 16 14 0
1160 2 50.0 16 10 0
1161 2 30.0 17 6 0
1162 1 50.0 17 12 5
1163 2 5.0 17 8 0
1164 0 50.0 17 9 0
1165 0 50.0 17 7 0
1166 1 10.0 17 8 0
1167 0 10.0 17 0 0
1168 0 30.0 17 0 0
1169 1 15.0 17 0 0
1170 0 15.0 17 12 5
1171 2 50.0 18 19 5
1172 0 15.0 18 6 0
1173 2 10.0 18 5 0
1174 2 50.0 18 2 0
1175 0 5.0 18 5 0
1176 1 5.0 18 0 0
1177 2 10.0 18 8 0
1178 0 10.0 18 9 0
1179 1 5.0 18 15 7
1180 1 15.0 18 11 7
1181 0 30.0 19 6 0
1182 2 15.0 19 2 5
1183 0 15.0 19 0 0
1184 0 10.0 19 0 0
1185 1 15.0 19 6 0
1186 0 15.0 19 10 8
1187 0 15.0 19 0 0
1188 2 30.0 19 6 0
1189 1 5.0 19 16 0
1190 0 30.0 19 7 8
1191 1 15.0 20 15 2
1192 0 50.0 20 19 9
1193 0 5.0 20 4 0
1194 1 50.0 20 6 0
1195 0 15.0 20 7 0
1196 1 50.0 20 0 0
1197 0 30.0 20 4 0
1198 2 50.0 20 0 0
1199 0 30.0 20 5 0
1200 0 5.0 20 4 0
