200

1001 0 30.0 1 0 0
1002 2 10.0 1 12 8
1003 1 30.0 1 2 10
1004 0 30.0 1 19 8
1005 0 10.0 1 14 8
1006 2 15.0 1 12 3
1007 1 50.0 1 20 0
1008 0 30.0 1 5 18
1009 0 5.0 1 12 14
1010 0 10.0 1 8 9
1011 0 15.0 2 18 12
1012 0 5.0 2 6 13
1013 1 5.0 2 7 11
1014 0 15.0 2 7 14
1015 0 15.0 2 12 6
1016 0 50.0 2 19 20
1017 0 50.0 2 6 8
1018 0 5.0 2 17 1
1019 0 30.0 2 9 11
1020 0 15.0 2 8 7
1021 1 30.0 3 13 6
1022 1 10.0 3 0 0
1023 1 5.0 3 16 5
1024 2 50.0 3 5 1
1025 0 5.0 3 12 8
1026 0 50.0 3 17 20
1027 1 30.0 3 10 7
1028 0 5.0 3 14 18
1029 2 30.0 3 4 14
1030 1 15.0 3 20 19
1031 2 50.0 4 3 7
1032 1 50.0 4 13 5
1033 0 30.0 4 13 3
1034 2 30.0 4 10 9
1035 0 5.0 4 18 15
1036 0 15.0 4 13 17
1037 0 15.0 4 13 20
1038 2 10.0 4 5 17
1039 0 10.0 4 20 18
1040 1 10.0 4 19 9
1041 1 15.0 5 20 17
1042 2 50.0 5 18 19
1043 1 15.0 5 10 3
1044 1 15.0 5 10 9
1045 0 30.0 5 8 4
1046 2 15.0 5 9 15
1047 2 50.0 5 7 17
1048 1 5.0 5 6 20
1049 1 30.0 5 4 0
1050 1 5.0 5 11 18
1051 0 50.0 6 10 13
1052 0 50.0 6 19 11
1053 2 5.0 6 2 17
1054 0 10.0 6 19 5
1055 2 5.0 6 0 0
1056 0 10.0 6 15 20
1057 1 5.0 6 5 19
1058 0 10.0 6 18 19
1059 1 15.0 6 3 9
1060 2 50.0 6 20 10
1061 0 50.0 7 1 8
1062 1 10.0 7 2 4
1063 1 15.0 7 18 2
1064 0 5.0 7 2 8
1065 2 10.0 7 12 18
1066 0 30.0 7 13 20
1067 0 50.0 7 5 17
1068 2 5.0 7 8 13
1069 0 30.0 7 6 0
1070 2 5.0 7 5 2
1071 2 5.0 8 10 9
1072 1 5.0 8 9 17
1073 2 15.0 8 3 1
1074 0 30.0 8 5 9
1075 0 5.0 8 3 1
1076 2 5.0 8 14 5
1077 2 5.0 8 6 4
1078 1 15.0 8 1 3
1079 1 50.0 8 12 1
1080 2 15.0 8 0 0
1081 2 10.0 9 10 1
1082 2 50.0 9 13 0
1083 1 50.0 9 5 15
1084 2 10.0 9 10 18
1085 2 5.0 9 10 6
1086 2 50.0 9 0 0
1087 1 50.0 9 19 4
1088 1 30.0 9 18 17
1089 0 15.0 9 19 15
1090 1 5.0 9 15 16
1091 1 5.0 10 20 8
1092 0 15.0 10 12 6
1093 1 50.0 10 20 7
1094 0 5.0 10 5 14
1095 0 50.0 10 17 19
1096 0 10.0 10 11 16
1097 0 50.0 10 14 17
1098 0 15.0 10 18 3
1099 0 15.0 10 3 11
1100 1 50.0 10 20 13
1101 0 30.0 11 8 9
1102 0 10.0 11 5 1
1103 1 30.0 11 6 20
1104 1 5.0 11 8 9
1105 2 15.0 11 15 10
1106 1 5.0 11 13 0
1107 1 10.0 11 7 6
1108 0 50.0 11 0 0
1109 2 30.0 11 3 17
1110 2 15.0 11 14 0
1111 0 10.0 12 5 19
1112 2 5.0 12 7 20
1113 1 15.0 12 7 18
1114 2 5.0 12 1 20
1115 0 15.0 12 11 18
1116 0 50.0 12 13 10
1117 0 10.0 12 4 20
1118 2 15.0 12 9 19
1119 1 5.0 12 6 1
1120 2 5.0 12 3 20
1121 2 15.0 13 11 1
1122 1 15.0 13 10 12
1123 2 50.0 13 2 12
1124 2 50.0 13 3 10
1125 2 50.0 13 4 6
1126 2 5.0 13 18 7
1127 2 50.0 13 4 11
1128 0 30.0 13 5 8
1129 1 50.0 13 7 3
1130 2 15.0 13 7 5
1131 2 50.0 14 0 0
1132 1 5.0 14 9 12
1133 0 30.0 14 9 7
1134 1 15.0 14 1 11
1135 0 10.0 14 17 0
1136 0 30.0 14 18 10
1137 2 15.0 14 18 20
1138 1 50.0 14 15 9
1139 2 50.0 14 16 3
1140 0 10.0 14 8 5
1141 0 30.0 15 12 3
1142 2 5.0 15 13 6
1143 1 50.0 15 16 2
1144 0 5.0 15 12 14
1145 0 10.0 15 11 5
1146 0 10.0 15 14 7
1147 2 5.0 15 12 0
1148 1 50.0 15 12 0
1149 0 15.0 15 5 12
1150 0 10.0 15 18 3
1151 1 5.0 16 9 4
1152 1 10.0 16 14 2
1153 2 5.0 16 6 13
1154 2 10.0 16 12 14
1155 1 10.0 16 11 15
1156 0 5.0 16 14 5
1157 2 10.0 16 17 4
1158 1 15.0 16 3 8
1159 1 15.0 16 9 1
1160 2 50.0 16 18 10
1161 1 50.0 17 2 9
1162 0 50.0 17 4 3
1163 0 10.0 17 1 7
1164 1 10.0 17 13 11
1165 2 10.0 17 14 1
1166 0 5.0 17 8 20
1167 2 30.0 17 15 2
1168 2 50.0 17 4 15
1169 2 50.0 17 13 14
1170 2 30.0 17 16 19
1171 2 10.0 18 5 20
1172 2 5.0 18 8 13
1173 1 15.0 18 11 13
1174 2 30.0 18 13 10
1175 2 30.0 18 7 4
1176 0 30.0 18 2 11
1177 2 5.0 18 4 16
1178 2 15.0 18 10 1
1179 1 50.0 18 5 17
1180 2 15.0 18 3 7
1181 1 15.0 19 3 12
1182 2 30.0 19 10 1
1183 2 15.0 19 20 11
1184 2 30.0 19 2 16
1185 0 30.0 19 20 18
1186 1 15.0 19 5 9
1187 2 30.0 19 4 14
1188 2 30.0 19 8 10
1189 0 50.0 19 6 13
1190 1 30.0 19 1 18
1191 2 50.0 20 6 1
1192 2 30.0 20 15 11
1193 0 5.0 20 13 17
1194 1 5.0 20 19 14
1195 0 50.0 20 16 4
1196 2 30.0 20 8 3
1197 2 15.0 20 14 4
1198 1 50.0 20 9 3
1199 1 15.0 20 12 10
1200 2 10.0 20 10 11