200

1001 0 50.0 2 4 6
1002 0 30.0 15 0 0
1003 2 30.0 16 0 0
1004 0 5.0 12 0 0
1005 1 10.0 19 0 0
1006 0 15.0 19 0 0
1007 1 15.0 3 0 0
1008 2 30.0 12 0 0
1009 1 15.0 4 0 0
1010 2 50.0 3 0 0
1011 2 30.0 1 6 0
1012 0 5.0 15 0 0
1013 2 10.0 9 19 0
1014 1 10.0 16 3 8
1015 0 50.0 13 9 0
1016 0 5.0 11 4 20
1017 1 50.0 3 0 0
1018 0 10.0 8 16 15
1019 1 30.0 15 1 7
1020 1 10.0 5 0 0
1021 1 30.0 12 0 0
1022 2 10.0 16 0 0
1023 0 10.0 2 0 0
1024 0 10.0 20 0 0
1025 2 5.0 16 0 0
1026 1 5.0 10 0 0
1027 1 30.0 14 0 0
1028 2 50.0 20 0 0
1029 0 15.0 19 0 0
1030 0 30.0 7 16 5
1031 2 15.0 3 5 0
1032 1 30.0 12 0 0
1033 1 5.0 14 1 0
1034 0 15.0 7 3 0
1035 0 10.0 6 6 0
1036 2 5.0 4 14 0
1037 0 50.0 9 20 18
1038 1 10.0 10 18 0
1039 2 50.0 7 12 0
1040 1 10.0 15 6 9
1041 1 50.0 12 0 0
1042 0 5.0 12 7 0
1043 2 5.0 20 0 0
1044 1 50.0 20 0 0
1045 0 50.0 18 0 0
1046 0 50.0 9 0 0
1047 1 30.0 6 0 0
1048 1 30.0 16 0 0
1049 1 5.0 7 4 6
1050 2 15.0 19 0 0
1051 0 5.0 11 15 0
1052 2 30.0 16 4 0
1053 1 30.0 14 0 0
1054 2 5.0 3 0 0
1055 0 15.0 15 0 0
1056 0 50.0 6 0 0
1057 1 5.0 5 1 7
1058 2 50.0 9 2 0
1059 2 15.0 10 0 0
1060 2 15.0 12 3 0
1061 2 30.0 10 0 0
1062 2 5.0 14 0 0
1063 0 15.0 6 0 0
1064 1 15.0 13 0 0
1065 1 30.0 8 0 0
1066 1 15.0 1 0 0
1067 0 5.0 6 0 0
1068 2 50.0 2 0 0
1069 1 5.0 11 0 0
1070 1 15.0 18 0 0
1071 1 5.0 2 0 0
1072 0 10.0 10 0 0
1073 1 5.0 5 0 0
1074 1 5.0 18 10 0
1075 1 50.0 4 19 0
1076 2 50.0 18 12 5
1077 0 10.0 4 0 0
1078 1 30.0 6 0 0
1079 1 10.0 3 0 0
1080 1 5.0 11 0 0
1081 1 30.0 8 0 0
1082 2 50.0 10 0 0
1083 2 15.0 9 7 0
1084 1 15.0 15 0 0
1085 1 30.0 9 12 0
1086 2 5.0 4 17 0
1087 1 5.0 11 12 17
1088 2 50.0 2 2 0
1089 1 50.0 6 15 0
1090 0 15.0 6 0 0
1091 0 15.0 20 0 0
1092 1 10.0 4 0 0
1093 0 10.0 16 0 0
1094 0 10.0 13 19 0
1095 0 50.0 12 2 0
1096 0 50.0 6 4 0
1097 1 5.0 3 17 0
1098 1 50.0 4 4 0
1099 1 15.0 3 7 5
1100 0 5.0 7 14 0
1101 1 30.0 5 9 1
1102 1 10.0 7 20 6
1103 2 5.0 19 5 0
1104 0 30.0 19 4 0
1105 0 10.0 15 3 0
1106 1 5.0 19 0 0
1107 2 10.0 14 6 0
1108 0 15.0 6 18 0
1109 2 5.0 6 0 0
1110 0 50.0 11 0 0
1111 1 30.0 4 0 0
1112 1 30.0 2 3 15
1113 0 15.0 1 2 7
1114 1 10.0 16 17 1
1115 1 50.0 12 1 15
1116 0 10.0 9 4 0
1117 2 15.0 1 2 0
1118 1 5.0 10 16 0
1119 2 15.0 19 15 0
1120 0 10.0 3 17 0
1121 0 30.0 7 1 0
1122 1 5.0 9 0 0
1123 2 30.0 17 5 3
1124 2 10.0 2 11 8
1125 1 50.0 3 0 0
1126 2 10.0 9 7 18
1127 0 15.0 6 1 7
1128 2 15.0 17 15 0
1129 2 30.0 8 2 0
1130 1 50.0 16 6 0
1131 1 10.0 10 16 0
1132 0 15.0 13 12 17
1133 2 5.0 3 0 0
1134 2 50.0 10 1 0
1135 2 10.0 20 3 0
1136 2 5.0 10 20 0
1137 2 15.0 17 9 0
1138 0 10.0 9 6 0
1139 0 15.0 11 5 19
1140 2 30.0 1 9 10
1141 2 50.0 15 0 0
1142 0 15.0 6 20 8
1143 2 50.0 6 1 0
1144 2 50.0 19 0 0
1145 1 5.0 10 7 19
1146 0 30.0 17 3 0
1147 0 15.0 11 0 0
1148 1 50.0 19 0 0
1149 0 30.0 20 0 0
1150 1 10.0 8 9 0
1151 1 30.0 16 8 0
1152 2 10.0 11 5 15
1153 2 5.0 14 0 0
1154 2 15.0 9 8 0
1155 0 50.0 8 15 2
1156 1 50.0 4 12 0
1157 0 5.0 20 0 0
1158 1 5.0 1 10 14
1159 0 15.0 5 12 5
1160 1 10.0 6 0 0
1161 0 30.0 18 1 12
1162 2 50.0 10 0 0
1163 1 5.0 16 0 0
1164 1 50.0 3 0 0
1165 2 15.0 7 12 0
1166 0 5.0 14 0 0
1167 0 5.0 4 0 0
1168 0 50.0 3 0 0
1169 1 15.0 19 12 0
1170 2 5.0 9 0 0
1171 2 5.0 14 12 20
1172 0 10.0 6 0 0
1173 1 30.0 17 0 0
1174 2 5.0 15 0 0
1175 2 50.0 19 14 8
1176 0 15.0 2 6 0
1177 2 50.0 13 0 0
1178 0 10.0 17 0 0
1179 1 50.0 19 20 0
1180 1 5.0 11 0 0
1181 0 50.0 1 0 0
1182 2 15.0 18 0 0
1183 1 5.0 16 0 0
1184 0 50.0 4 0 0
1185 1 10.0 14 0 0
1186 0 30.0 16 0 0
1187 1 10.0 18 4 0
1188 2 50.0 16 9 17
1189 1 50.0 13 0 0
1190 0 5.0 16 0 0
1191 1 5.0 1 5 0
1192 1 15.0 2 0 0
1193 1 50.0 10 0 0
1194 2 5.0 4 0 0
1195 0 15.0 8 0 0
1196 1 5.0 16 0 0
1197 0 15.0 3 5 16
1198 1 50.0 8 13 18
1199 0 5.0 1 14 9
1200 1 15.0 4 13 14