400

1001 2 50.0 5 18 12
1002 1 10.0 13 7 0
1003 1 50.0 13 3 0
1004 1 5.0 13 7 0
1005 0 10.0 6 8 0
1006 1 30.0 7 13 0
1007 0 10.0 14 0 0
1008 0 30.0 19 0 0
1009 0 5.0 18 0 0
1010 0 10.0 9 0 0
1011 0 50.0 16 0 0
1012 0 5.0 16 0 0
1013 2 30.0 11 0 0
1014 1 30.0 7 15 0
1015 0 5.0 2 0 0
1016 2 50.0 17 0 0
1017 0 5.0 16 0 0
1018 0 5.0 12 0 0
1019 0 30.0 7 0 0
1020 0 15.0 3 0 0
1021 1 50.0 12 0 0
1022 1 15.0 3 0 0
1023 1 5.0 17 0 0
1024 1 50.0 8 0 0
1025 1 15.0 18 0 0
1026 0 15.0 17 16 0
1027 1 5.0 13 5 0
1028 0 30.0 13 1 0
1029 0 30.0 1 11 0
1030 0 50.0 3 16 1
1031 0 30.0 15 7 12
1032 0 10.0 20 4 0
1033 0 15.0 13 3 2
1034 0 15.0 5 14 9
1035 0 10.0 10 0 0
1036 1 15.0 4 0 0
1037 1 15.0 2 0 0
1038 0 15.0 10 0 0
1039 0 15.0 15 0 0
1040 1 15.0 20 0 0
1041 2 5.0 3 0 0
1042 0 5.0 17 0 0
1043 0 30.0 12 0 0
1044 2 30.0 17 0 0
1045 0 5.0 4 0 0
1046 0 50.0 4 13 0
1047 0 5.0 13 0 0
1048 2 5.0 19 0 0
1049 0 15.0 4 0 0
1050 0 15.0 7 0 0
1051 2 30.0 8 17 0
1052 0 10.0 15 11 2
1053 2 30.0 19 0 0
1054 1 50.0 2 1 0
1055 0 10.0 11 0 0
1056 0 50.0 3 0 0
1057 2 15.0 16 0 0
1058 2 50.0 12 0 0
1059 1 10.0 19 0 0
1060 2 15.0 17 0 0
1061 0 10.0 18 0 0
1062 0 30.0 11 19 0
1063 0 50.0 4 0 0
1064 0 15.0 2 20 14
1065 1 5.0 5 8 0
1066 0 15.0 15 18 13
1067 0 30.0 9 0 0
1068 0 15.0 13 0 0
1069 0 10.0 7 0 0
1070 0 30.0 12 0 0
1071 0 5.0 7 13 0
1072 0 10.0 14 3 0
1073 0 50.0 18 13 0
1074 0 30.0 12 6 0
1075 0 15.0 12 4 0
1076 0 30.0 11 14 0
1077 1 50.0 1 10 0
1078 2 15.0 10 7 0
1079 1 50.0 8 4 0
1080 0 50.0 10 4 0
1081 2 15.0 15 5 0
1082 0 10.0 20 4 0
1083 1 50.0 9 7 0
1084 1 5.0 12 8 0
1085 0 30.0 6 12 8
1086 0 30.0 10 8 0
1087 0 10.0 2 18 0
1088 0 50.0 1 9 20
1089 1 10.0 15 17 8
1090 0 10.0 12 0 0
1091 2 50.0 19 17 12
1092 0 15.0 19 5 0
1093 2 30.0 16 2 0
1094 1 10.0 16 9 0
1095 0 50.0 19 18 6
1096 0 15.0 19 1 0
1097 0 5.0 14 20 0
1098 1 15.0 1 5 0
1099 2 15.0 6 11 0
1100 0 50.0 17 13 0
1101 0 15.0 17 0 0
1102 2 10.0 1 5 0
1103 2 15.0 14 16 0
1104 1 30.0 15 18 0
1105 2 15.0 17 6 0
1106 0 15.0 5 11 0
1107 1 30.0 13 0 0
1108 2 30.0 9 0 0
1109 0 50.0 13 14 4
1110 2 15.0 6 9 8
1111 0 30.0 7 8 20
1112 1 30.0 3 14 0
1113 0 10.0 7 12 5
1114 0 30.0 1 9 0
1115 2 30.0 14 10 0
1116 1 10.0 11 3 0
1117 2 15.0 2 1 5
1118 1 5.0 5 20 0
1119 1 30.0 9 0 0
1120 0 30.0 10 0 0
1121 0 10.0 11 0 0
1122 1 50.0 11 0 0
1123 1 50.0 9 0 0
1124 2 30.0 15 0 0
1125 2 50.0 9 0 0
1126 1 5.0 5 0 0
1127 2 10.0 18 0 0
1128 1 10.0 17 0 0
1129 2 10.0 17 0 0
1130 0 10.0 17 0 0
1131 0 50.0 1 0 0
1132 2 10.0 7 0 0
1133 0 15.0 10 0 0
1134 0 15.0 19 0 0
1135 0 30.0 2 0 0
1136 2 15.0 7 0 0
1137 0 5.0 2 0 0
1138 2 10.0 9 15 0
1139 2 5.0 13 0 0
1140 1 10.0 1 2 0
1141 0 5.0 15 0 0
1142 2 50.0 16 0 0
1143 0 10.0 19 0 0
1144 1 50.0 14 0 0
1145 0 15.0 1 0 0
1146 2 30.0 8 0 0
1147 2 15.0 11 0 0
1148 2 50.0 17 0 0
1149 0 30.0 15 0 0
1150 1 30.0 14 7 0
1151 0 50.0 18 13 0
1152 0 50.0 10 0 0
1153 1 5.0 11 2 0
1154 0 5.0 17 12 0
1155 2 5.0 9 0 0
1156 2 10.0 3 0 0
1157 0 10.0 18 0 0
1158 1 15.0 14 0 0
1159 2 10.0 18 0 0
1160 0 50.0 5 0 0
1161 2 10.0 5 0 0
1162 0 15.0 8 0 0
1163 1 10.0 13 0 0
1164 2 30.0 7 0 0
1165 0 5.0 2 0 0
1166 0 10.0 4 0 0
1167 0 5.0 17 5 0
1168 2 10.0 18 11 0
1169 0 50.0 10 0 0
1170 2 30.0 10 3 0
1171 1 10.0 16 20 0
1172 2 30.0 3 0 0
1173 1 15.0 12 0 0
1174 2 15.0 1 0 0
1175 2 30.0 13 0 0
1176 2 15.0 7 0 0
1177 1 15.0 19 0 0
1178 0 30.0 3 0 0
1179 1 15.0 1 0 0
1180 2 10.0 20 0 0
1181 1 10.0 4 0 0
1182 0 10.0 10 0 0
1183 1 30.0 4 0 0
1184 2 5.0 7 0 0
1185 2 50.0 20 2 14
1186 1 50.0 17 19 13
1187 2 50.0 13 4 5
1188 2 10.0 2 12 0
1189 0 50.0 12 20 0
1190 2 30.0 3 0 0
1191 1 30.0 6 0 0
1192 0 50.0 11 0 0
1193 1 50.0 7 18 14
1194 0 5.0 3 0 0
1195 0 30.0 19 0 0
1196 0 15.0 18 12 16
1197 1 10.0 16 17 6
1198 0 10.0 14 15 13
1199 1 5.0 11 20 14
1200 0 5.0 11 4 7
1201 1 5.0 6 12 2
1202 0 10.0 15 18 2
1203 1 30.0 5 2 18
1204 0 50.0 4 0 0
1205 0 50.0 14 20 7
1206 1 5.0 2 1 14
1207 1 10.0 3 13 10
1208 0 30.0 10 8 0
1209 0 10.0 20 18 6
1210 2 30.0 16 14 15
1211 2 10.0 13 9 20
1212 1 50.0 5 7 17
1213 2 10.0 9 11 4
1214 1 5.0 9 6 0
1215 2 30.0 12 8 0
1216 2 30.0 11 4 0
1217 0 10.0 20 6 7
1218 2 10.0 8 17 12
1219 1 10.0 10 14 0
1220 0 10.0 20 0 0
1221 0 10.0 12 0 0
1222 1 15.0 16 0 0
1223 0 10.0 15 0 0
1224 1 10.0 20 0 0
1225 2 30.0 10 3 0
1226 2 10.0 12 8 0
1227 2 15.0 8 0 0
1228 1 30.0 20 0 0
1229 0 10.0 16 0 0
1230 1 50.0 9 0 0
1231 0 5.0 17 0 0
1232 0 5.0 12 0 0
1233 0 15.0 17 12 0
1234 2 15.0 15 0 0
1235 2 50.0 12 1 0
1236 1 50.0 19 20 0
1237 0 50.0 16 20 0
1238 0 30.0 11 19 0
1239 2 50.0 9 17 1
1240 1 10.0 12 18 8
1241 2 30.0 5 6 3
1242 1 30.0 18 20 4
1243 0 30.0 11 3 9
1244 2 50.0 12 15 2
1245 1 15.0 4 12 0
1246 1 5.0 6 0 0
1247 1 15.0 13 0 0
1248 0 30.0 5 0 0
1249 2 10.0 12 0 0
1250 1 15.0 16 0 0
1251 1 30.0 9 17 0
1252 1 50.0 6 18 0
1253 0 10.0 11 0 0
1254 0 15.0 17 0 0
1255 2 15.0 17 0 0
1256 2 5.0 15 0 0
1257 1 30.0 14 0 0
1258 1 30.0 16 0 0
1259 1 5.0 9 0 0
1260 2 5.0 2 0 0
1261 2 30.0 6 15 10
1262 0 30.0 6 1 0
1263 0 30.0 19 20 7
1264 2 10.0 20 6 3
1265 0 30.0 12 6 17
1266 1 15.0 14 18 12
1267 1 15.0 12 0 0
1268 2 15.0 9 0 0
1269 0 5.0 8 19 17
1270 1 10.0 3 4 15
1271 1 15.0 5 1 2
1272 0 15.0 12 16 0
1273 1 50.0 18 1 6
1274 2 5.0 2 17 5
1275 1 10.0 20 19 4
1276 1 30.0 19 2 17
1277 0 5.0 8 16 17
1278 0 10.0 10 9 4
1279 2 15.0 11 4 20
1280 1 10.0 15 20 5
1281 2 30.0 9 7 5
1282 2 5.0 3 9 16
1283 1 5.0 11 13 0
1284 1 5.0 4 0 0
1285 1 10.0 6 0 0
1286 2 10.0 20 0 0
1287 2 15.0 20 0 0
1288 2 15.0 20 0 0
1289 2 30.0 1 0 0
1290 1 30.0 7 0 0
1291 0 10.0 3 16 0
1292 0 50.0 20 0 0
1293 2 10.0 15 0 0
1294 0 15.0 7 0 0
1295 1 30.0 8 0 0
1296 1 10.0 5 0 0
1297 0 10.0 14 4 0
1298 2 5.0 4 0 0
1299 1 30.0 13 12 0
1300 2 50.0 10 0 0
1301 0 15.0 3 8 13
1302 1 30.0 16 8 20
1303 2 15.0 2 9 5
1304 0 10.0 18 4 2
1305 0 50.0 10 1 8
1306 1 30.0 19 17 18
1307 1 15.0 20 9 13
1308 2 10.0 19 13 9
1309 0 30.0 4 5 8
1310 2 10.0 17 11 14
1311 0 15.0 5 14 6
1312 1 30.0 7 9 0
1313 1 15.0 10 7 11
1314 0 5.0 4 20 9
1315 1 30.0 13 11 8
1316 1 5.0 16 0 0
1317 1 30.0 2 0 0
1318 0 15.0 11 0 0
1319 1 50.0 16 0 0
1320 0 5.0 8 0 0
1321 0 5.0 9 0 0
1322 0 50.0 8 0 0
1323 0 5.0 1 0 0
1324 0 30.0 3 0 0
1325 0 5.0 9 0 0
1326 1 15.0 6 0 0
1327 0 50.0 12 0 0
1328 0 15.0 8 15 0
1329 2 30.0 8 17 0
1330 1 15.0 11 0 0
1331 2 15.0 9 0 0
1332 0 10.0 18 0 0
1333 2 50.0 20 0 0
1334 0 30.0 10 0 0
1335 2 5.0 19 0 0
1336 1 10.0 17 0 0
1337 1 15.0 12 0 0
1338 2 30.0 18 0 0
1339 2 30.0 17 0 0
1340 2 30.0 20 0 0
1341 1 50.0 2 0 0
1342 2 50.0 16 0 0
1343 1 15.0 5 0 0
1344 2 30.0 2 19 0
1345 1 50.0 9 2 0
1346 0 50.0 7 17 0
1347 0 50.0 12 15 0
1348 2 5.0 10 0 0
1349 0 50.0 14 0 0
1350 1 5.0 6 0 0
1351 2 15.0 5 0 0
1352 0 50.0 9 0 0
1353 0 5.0 17 0 0
1354 1 15.0 16 15 0
1355 2 30.0 3 10 0
1356 2 30.0 14 13 0
1357 2 30.0 19 4 0
1358 1 30.0 10 2 0
1359 0 10.0 7 13 0
1360 0 10.0 14 4 0
1361 1 15.0 1 19 0
1362 2 10.0 20 6 0
1363 2 50.0 5 16 0
1364 2 30.0 13 17 0
1365 0 30.0 20 7 0
1366 1 5.0 9 16 0
1367 0 30.0 20 12 0
1368 0 50.0 12 14 0
1369 0 50.0 17 8 0
1370 0 50.0 10 2 0
1371 0 5.0 5 15 0
1372 0 10.0 2 19 0
1373 2 15.0 17 14 0
1374 1 10.0 4 10 0
1375 0 50.0 17 18 0
1376 1 5.0 6 0 0
1377 0 15.0 3 0 0
1378 1 5.0 3 0 0
1379 1 15.0 19 0 0
1380 2 30.0 3 0 0
1381 1 30.0 12 0 0
1382 2 15.0 10 0 0
1383 2 30.0 6 0 0
1384 2 30.0 16 0 0
1385 2 5.0 20 0 0
1386 2 5.0 8 0 0
1387 2 15.0 8 6 0
1388 1 30.0 7 0 0
1389 2 10.0 2 5 0
1390 1 30.0 11 7 0
1391 1 30.0 14 0 0
1392 2 5.0 7 13 0
1393 2 50.0 8 11 0
1394 2 5.0 19 2 0
1395 2 15.0 16 11 0
1396 0 15.0 14 15 5
1397 1 5.0 18 3 9
1398 1 5.0 14 0 0
1399 0 50.0 18 15 0
1400 1 10.0 1 0 0