400

1001 1 50.0 1 13 0
1002 1 10.0 1 0 0
1003 0 50.0 1 0 0
1004 0 50.0 1 0 0
1005 0 5.0 1 0 0
1006 2 10.0 1 0 0
1007 0 15.0 1 0 0
1008 0 15.0 1 0 0
1009 0 50.0 1 0 0
1010 1 10.0 1 0 0
1011 1 5.0 1 0 0
1012 1 10.0 1 0 0
1013 0 15.0 1 0 0
1014 1 15.0 1 0 0
1015 2 30.0 1 0 0
1016 1 15.0 1 0 0
1017 1 15.0 1 0 0
1018 0 30.0 1 0 0
1019 1 50.0 1 0 0
1020 0 15.0 1 0 0
1021 1 50.0 2 0 0
1022 1 5.0 2 0 0
1023 1 50.0 2 0 0
1024 0 5.0 2 0 0
1025 0 30.0 2 0 0
1026 0 50.0 2 13 12
1027 1 5.0 2 8 0
1028 1 10.0 2 11 0
1029 0 10.0 2 0 0
1030 1 5.0 2 11 0
1031 0 10.0 2 0 0
1032 0 50.0 2 0 0
1033 1 15.0 2 3 0
1034 1 50.0 2 0 0
1035 2 10.0 2 0 0
1036 0 10.0 2 0 0
1037 0 30.0 2 0 0
1038 1 50.0 2 0 0
1039 2 30.0 2 19 18
1040 0 15.0 2 3 0
1041 1 5.0 3 0 0
1042 1 30.0 3 0 0
1043 1 5.0 3 0 0
1044 1 50.0 3 0 0
1045 1 50.0 3 0 0
1046 0 50.0 3 0 0
1047 2 10.0 3 6 5
1048 0 50.0 3 6 0
1049 1 15.0 3 2 0
1050 0 5.0 3 0 0
1051 0 5.0 3 0 0
1052 2 15.0 3 2 0
1053 1 5.0 3 0 0
1054 1 10.0 3 0 0
1055 1 30.0 3 0 0
1056 1 10.0 3 0 0
1057 2 10.0 3 0 0
1058 0 30.0 3 0 0
1059 1 10.0 3 11 0
1060 1 5.0 3 7 0
1061 1 15.0 4 11 0
1062 0 15.0 4 2 0
1063 1 15.0 4 0 0
1064 0 15.0 4 0 0
1065 0 50.0 4 0 0
1066 1 15.0 4 0 0
1067 1 5.0 4 18 5
1068 0 5.0 4 10 0
1069 1 50.0 4 8 0
1070 0 30.0 4 2 0
1071 0 30.0 4 9 0
1072 0 30.0 4 0 0
1073 1 15.0 4 0 0
1074 1 15.0 4 5 0
1075 1 15.0 4 0 0
1076 0 50.0 4 0 0
1077 2 10.0 4 0 0
1078 0 30.0 4 0 0
1079 1 30.0 4 0 0
1080 0 5.0 4 0 0
1081 1 15.0 5 0 0
1082 1 10.0 5 15 0
1083 0 30.0 5 0 7
1084 1 15.0 5 8 0
1085 1 50.0 5 0 0
1086 0 30.0 5 17 0
1087 1 10.0 5 0 0
1088 0 15.0 5 0 0
1089 0 30.0 5 0 0
1090 1 5.0 5 0 0
1091 0 10.0 5 0 0
1092 1 5.0 5 0 0
1093 1 5.0 5 9 0
1094 0 50.0 5 7 0
1095 0 50.0 5 10 0
1096 1 30.0 5 7 0
1097 1 5.0 5 9 0
1098 0 15.0 5 2 20
1099 2 5.0 5 8 4
1100 0 30.0 5 9 0
1101 0 50.0 6 14 2
1102 0 50.0 6 17 5
1103 1 5.0 6 8 0
1104 0 10.0 6 0 0
1105 1 5.0 6 0 0
1106 0 30.0 6 2 0
1107 1 30.0 6 3 0
1108 1 50.0 6 0 0
1109 0 50.0 6 0 0
1110 1 30.0 6 0 0
1111 0 10.0 6 0 0
1112 1 30.0 6 0 0
1113 1 50.0 6 0 0
1114 1 10.0 6 0 0
1115 0 5.0 6 0 0
1116 1 10.0 6 0 0
1117 2 30.0 6 7 0
1118 0 10.0 6 5 0
1119 1 15.0 6 0 0
1120 0 5.0 6 0 0
1121 0 5.0 7 0 0
1122 0 30.0 7 0 0
1123 0 15.0 7 0 0
1124 1 10.0 7 0 0
1125 1 15.0 7 0 0
1126 0 15.0 7 0 0
1127 0 10.0 7 0 0
1128 2 50.0 7 0 0
1129 0 5.0 7 0 0
1130 1 10.0 7 0 0
1131 0 10.0 7 9 3
1132 2 15.0 7 17 0
1133 1 15.0 7 0 0
1134 1 10.0 7 0 0
1135 0 50.0 7 13 0
1136 0 30.0 7 0 0
1137 0 30.0 7 0 0
1138 0 5.0 7 0 0
1139 0 10.0 7 0 0
1140 1 5.0 7 0 0
1141 0 10.0 8 0 0
1142 1 15.0 8 0 0
1143 1 30.0 8 0 0
1144 2 15.0 8 0 0
1145 0 30.0 8 0 0
1146 0 30.0 8 0 0
1147 1 50.0 8 4 0
1148 1 30.0 8 0 0
1149 0 5.0 8 9 0
1150 0 15.0 8 0 0
1151 1 15.0 8 0 0
1152 0 30.0 8 6 0
1153 2 5.0 8 18 0
1154 0 30.0 8 0 0
1155 1 30.0 8 0 0
1156 0 10.0 8 0 0
1157 1 10.0 8 0 0
1158 1 10.0 8 0 0
1159 1 50.0 8 0 0
1160 1 50.0 8 0 0
1161 2 5.0 9 0 0
1162 0 15.0 9 0 0
1163 0 15.0 9 0 0
1164 1 30.0 9 5 0
1165 1 30.0 9 17 0
1166 0 15.0 9 0 0
1167 1 10.0 9 0 0
1168 0 50.0 9 0 0
1169 0 50.0 9 0 0
1170 1 15.0 9 0 0
1171 0 10.0 9 0 0
1172 2 10.0 9 0 0
1173 0 15.0 9 0 0
1174 0 10.0 9 0 0
1175 1 15.0 9 0 0
1176 0 5.0 9 0 0
1177 1 30.0 9 0 0
1178 1 5.0 9 0 0
1179 2 50.0 9 0 0
1180 2 15.0 9 0 0
1181 0 30.0 10 0 0
1182 0 30.0 10 0 0
1183 0 10.0 10 0 0
1184 0 50.0 10 0 0
1185 1 30.0 10 0 0
1186 1 10.0 10 0 0
1187 1 50.0 10 0 0
1188 0 50.0 10 0 0
1189 1 30.0 10 0 0
1190 1 5.0 10 0 0
1191 1 50.0 10 8 0
1192 1 50.0 10 0 0
1193 0 50.0 10 0 0
1194 0 10.0 10 0 0
1195 2 15.0 10 0 0
1196 1 5.0 10 0 0
1197 1 30.0 10 0 0
1198 1 15.0 10 0 0
1199 1 5.0 10 0 0
1200 1 50.0 10 0 0
1201 0 15.0 11 0 0
1202 0 15.0 11 12 0
1203 0 50.0 11 0 0
1204 1 30.0 11 0 0
1205 1 5.0 11 0 0
1206 0 50.0 11 0 0
1207 0 10.0 11 2 0
1208 0 10.0 11 10 0
1209 1 30.0 11 15 13
1210 0 5.0 11 0 0
1211 2 30.0 11 0 0
1212 2 10.0 11 0 0
1213 2 5.0 11 0 0
1214 0 15.0 11 0 0
1215 1 50.0 11 0 0
1216 2 5.0 11 0 0
1217 1 15.0 11 0 0
1218 0 15.0 11 0 0
1219 0 10.0 11 7 0
1220 2 30.0 11 0 0
1221 0 50.0 12 0 0
1222 0 10.0 12 16 13
1223 0 50.0 12 0 0
1224 0 50.0 12 7 19
1225 1 15.0 12 20 7
1226 0 5.0 12 0 0
1227 0 15.0 12 0 0
1228 1 10.0 12 0 0
1229 0 30.0 12 0 0
1230 1 5.0 12 0 0
1231 0 10.0 12 0 0
1232 2 15.0 12 3 2
1233 0 10.0 12 5 16
1234 1 30.0 12 16 0
1235 1 30.0 12 5 0
1236 1 30.0 12 0 0
1237 0 15.0 12 0 0
1238 1 10.0 12 0 0
1239 0 30.0 12 0 0
1240 1 5.0 12 0 0
1241 0 5.0 13 0 0
1242 2 10.0 13 0 0
1243 0 5.0 13 0 0
1244 1 15.0 13 0 0
1245 0 50.0 13 0 0
1246 1 10.0 13 0 0
1247 0 50.0 13 0 0
1248 2 10.0 13 0 0
1249 0 5.0 13 0 0
1250 1 50.0 13 19 15
1251 2 10.0 13 0 0
1252 1 30.0 13 19 2
1253 2 10.0 13 0 0
1254 0 30.0 13 0 0
1255 1 10.0 13 0 0
1256 0 30.0 13 0 0
1257 0 10.0 13 0 0
1258 2 10.0 13 0 0
1259 0 15.0 13 0 0
1260 2 15.0 13 0 0
1261 0 10.0 14 0 0
1262 2 10.0 14 0 0
1263 2 50.0 14 4 0
1264 2 15.0 14 0 0
1265 2 30.0 14 7 0
1266 1 30.0 14 17 2
1267 1 10.0 14 9 4
1268 1 5.0 14 1 0
1269 2 30.0 14 6 0
1270 0 15.0 14 0 0
1271 2 10.0 14 0 0
1272 1 5.0 14 10 1
1273 2 50.0 14 20 0
1274 1 15.0 14 5 0
1275 0 30.0 14 4 0
1276 1 15.0 14 0 0
1277 2 5.0 14 2 13
1278 1 5.0 14 0 0
1279 0 10.0 14 16 2
1280 1 50.0 14 11 10
1281 1 30.0 15 13 4
1282 2 15.0 15 0 0
1283 1 50.0 15 0 0
1284 0 15.0 15 0 0
1285 1 10.0 15 0 0
1286 2 5.0 15 0 0
1287 2 5.0 15 6 0
1288 2 50.0 15 0 0
1289 1 50.0 15 0 0
1290 2 50.0 15 0 0
1291 2 5.0 15 0 0
1292 2 5.0 15 0 0
1293 1 5.0 15 0 0
1294 1 30.0 15 0 0
1295 0 5.0 15 0 0
1296 1 50.0 15 5 0
1297 2 5.0 15 9 0
1298 1 5.0 15 0 0
1299 2 30.0 15 5 0
1300 2 5.0 15 8 0
1301 1 10.0 16 0 0
1302 1 50.0 16 4 0
1303 0 15.0 16 7 11
1304 1 50.0 16 11 7
1305 0 30.0 16 4 0
1306 2 15.0 16 15 0
1307 2 30.0 16 2 0
1308 0 15.0 16 0 0
1309 2 10.0 16 0 0
1310 0 30.0 16 0 0
1311 2 5.0 16 0 0
1312 2 5.0 16 0 0
1313 0 15.0 16 0 0
1314 2 30.0 16 0 0
1315 0 15.0 16 0 0
1316 2 15.0 16 0 0
1317 0 50.0 16 0 0
1318 2 30.0 16 0 0
1319 0 50.0 16 0 0
1320 0 30.0 16 0 0
1321 1 30.0 17 0 0
1322 1 15.0 17 0 0
1323 1 15.0 17 15 0
1324 1 30.0 17 0 0
1325 0 10.0 17 1 0
1326 2 50.0 17 0 0
1327 0 5.0 17 0 0
1328 2 5.0 17 0 0
1329 0 50.0 17 9 0
1330 2 15.0 17 0 0
1331 0 30.0 17 0 0
1332 0 5.0 17 0 0
1333 0 5.0 17 7 0
1334 1 5.0 17 0 0
1335 0 10.0 17 0 0
1336 1 5.0 17 14 0
1337 2 30.0 17 9 0
1338 0 5.0 17 0 0
1339 2 50.0 17 0 0
1340 0 10.0 17 0 0
1341 2 10.0 18 0 0
1342 0 50.0 18 0 0
1343 0 5.0 18 0 0
1344 2 15.0 18 12 1
1345 1 10.0 18 16 17
1346 0 10.0 18 0 0
1347 0 50.0 18 7 3
1348 2 10.0 18 8 3
1349 2 15.0 18 17 4
1350 2 5.0 18 1 0
1351 0 50.0 18 1 14
1352 2 30.0 18 0 0
1353 0 50.0 18 0 0
1354 0 30.0 18 0 0
1355 2 15.0 18 0 0
1356 0 30.0 18 4 0
1357 0 10.0 18 8 0
1358 2 30.0 18 0 0
1359 1 10.0 18 0 0
1360 2 5.0 18 0 0
1361 0 15.0 19 0 0
1362 2 15.0 19 10 0
1363 1 5.0 19 4 0
1364 0 5.0 19 13 18
1365 0 5.0 19 9 3
1366 1 50.0 19 0 0
1367 1 5.0 19 0 0
1368 0 10.0 19 7 9
1369 2 50.0 19 16 0
1370 1 15.0 19 0 0
1371 2 5.0 19 3 0
1372 0 50.0 19 3 0
1373 2 15.0 19 0 0
1374 1 50.0 19 0 0
1375 2 10.0 19 0 0
1376 1 50.0 19 0 0
1377 1 50.0 19 0 0
1378 1 30.0 19 0 0
1379 1 30.0 19 0 0
1380 1 50.0 19 0 0
1381 0 30.0 20 0 0
1382 2 5.0 20 10 0
1383 1 5.0 20 2 0
1384 2 10.0 20 15 6
1385 1 30.0 20 1 2
1386 0 50.0 20 5 0
1387 2 15.0 20 15 0
1388 0 10.0 20 0 0
1389 1 30.0 20 0 0
1390 1 50.0 20 0 0
1391 1 30.0 20 0 0
1392 2 15.0 20 0 0
1393 1 15.0 20 0 0
1394 0 10.0 20 0 0
1395 0 50.0 20 0 0
1396 1 10.0 20 0 0
1397 1 5.0 20 0 0
1398 1 5.0 20 0 0
1399 1 15.0 20 14 9
1400 1 50.0 20 7 5