400

1001 2 5.0 15 6 8
1002 0 50.0 16 0 0
1003 0 30.0 12 0 0
1004 0 5.0 16 0 0
1005 0 50.0 17 0 0
1006 0 50.0 1 0 0
1007 0 15.0 9 0 0
1008 1 10.0 11 0 0
1009 2 10.0 20 0 0
1010 1 30.0 16 0 0
1011 2 10.0 2 0 0
1012 0 10.0 11 0 0
1013 1 15.0 11 0 0
1014 0 30.0 3 0 0
1015 2 5.0 18 0 0
1016 1 30.0 1 0 0
1017 1 15.0 18 0 0
1018 0 10.0 13 8 0
1019 0 10.0 6 0 0
1020 0 30.0 10 0 0
1021 0 15.0 6 7 0
1022 0 5.0 14 7 0
1023 0 5.0 14 7 0
1024 0 50.0 18 10 17
1025 0 5.0 3 0 0
1026 0 15.0 1 0 0
1027 2 50.0 15 16 9
1028 2 50.0 4 0 0
1029 0 50.0 10 14 0
1030 2 5.0 5 6 0
1031 1 50.0 16 0 0
1032 0 5.0 5 0 0
1033 1 30.0 16 0 0
1034 2 10.0 8 0 0
1035 2 5.0 11 0 0
1036 0 10.0 13 0 0
1037 0 5.0 15 4 10
1038 1 50.0 19 3 9
1039 0 30.0 9 0 0
1040 0 15.0 18 0 0
1041 2 50.0 20 0 0
1042 1 50.0 1 0 0
1043 0 5.0 12 0 0
1044 0 50.0 16 0 0
1045 2 50.0 5 0 0
1046 1 10.0 1 0 0
1047 1 5.0 20 0 0
1048 0 50.0 11 0 0
1049 1 30.0 13 0 0
1050 0 15.0 10 0 0
1051 1 30.0 19 6 0
1052 2 30.0 2 17 0
1053 1 5.0 11 0 0
1054 1 10.0 1 10 2
1055 1 50.0 2 7 20
1056 2 30.0 3 17 7
1057 1 15.0 8 13 3
1058 0 50.0 3 7 1
1059 0 5.0 20 0 0
1060 1 5.0 16 0 0
1061 2 15.0 2 0 0
1062 1 10.0 16 0 0
1063 2 10.0 16 0 0
1064 0 50.0 7 0 0
1065 2 30.0 18 0 0
1066 1 50.0 3 0 0
1067 1 15.0 4 0 0
1068 0 10.0 1 0 0
1069 0 50.0 15 0 0
1070 1 30.0 19 0 0
1071 1 5.0 9 0 0
1072 0 15.0 18 0 0
1073 0 50.0 9 0 0
1074 0 30.0 13 18 19
1075 0 10.0 2 5 0
1076 2 5.0 1 0 0
1077 2 50.0 17 2 0
1078 2 30.0 14 11 0
1079 2 15.0 2 4 19
1080 1 10.0 12 5 4
1081 2 15.0 6 2 11
1082 1 15.0 6 2 16
1083 0 30.0 6 17 0
1084 0 5.0 18 3 14
1085 0 5.0 4 14 8
1086 0 10.0 16 0 0
1087 1 10.0 18 0 0
1088 0 10.0 6 3 0
1089 1 5.0 8 0 0
1090 1 15.0 4 0 0
1091 0 15.0 11 0 0
1092 1 10.0 13 0 0
1093 0 50.0 9 0 0
1094 0 10.0 1 0 0
1095 1 15.0 12 0 0
1096 2 50.0 12 4 0
1097 0 50.0 17 0 0
1098 2 5.0 10 0 0
1099 0 10.0 5 0 0
1100 0 30.0 20 0 0
1101 0 5.0 7 0 0
1102 1 30.0 11 0 0
1103 2 50.0 17 6 0
1104 1 50.0 17 10 19
1105 0 30.0 20 10 2
1106 0 15.0 4 0 0
1107 2 15.0 15 0 0
1108 1 10.0 11 0 0
1109 2 10.0 1 0 0
1110 0 10.0 16 0 0
1111 0 15.0 16 0 0
1112 2 15.0 5 0 0
1113 2 5.0 15 4 0
1114 2 15.0 7 0 0
1115 2 15.0 13 6 0
1116 0 10.0 20 0 9
1117 0 50.0 19 3 6
1118 0 30.0 7 0 0
1119 0 15.0 14 0 0
1120 1 50.0 13 4 15
1121 1 50.0 12 20 0
1122 0 5.0 17 8 19
1123 1 10.0 19 7 1
1124 0 10.0 11 3 0
1125 2 10.0 3 1 12
1126 0 30.0 10 1 2
1127 2 15.0 19 17 5
1128 2 15.0 15 8 0
1129 2 5.0 10 0 0
1130 1 50.0 14 0 0
1131 1 10.0 13 0 0
1132 0 15.0 6 0 0
1133 2 5.0 2 0 0
1134 0 15.0 9 0 0
1135 0 50.0 16 0 0
1136 1 5.0 5 0 0
1137 0 10.0 8 0 0
1138 0 5.0 3 0 0
1139 0 50.0 16 0 0
1140 2 15.0 6 0 0
1141 2 50.0 13 0 0
1142 1 30.0 10 7 4
1143 0 5.0 18 2 11
1144 2 30.0 18 11 0
1145 2 10.0 18 8 10
1146 0 50.0 14 15 19
1147 0 50.0 15 7 5
1148 0 5.0 20 4 8
1149 0 10.0 16 7 6
1150 0 30.0 20 17 0
1151 2 15.0 5 1 0
1152 1 50.0 4 3 0
1153 1 15.0 1 0 0
1154 2 5.0 17 4 0
1155 1 50.0 4 16 0
1156 0 30.0 16 2 0
1157 0 50.0 17 20 0
1158 1 50.0 9 5 0
1159 1 30.0 18 12 0
1160 0 10.0 10 19 0
1161 0 50.0 12 13 0
1162 0 50.0 12 16 0
1163 1 5.0 20 2 0
1164 0 5.0 6 14 0
1165 1 10.0 2 18 0
1166 0 50.0 11 7 0
1167 0 10.0 19 3 0
1168 1 30.0 13 2 16
1169 1 15.0 19 17 9
1170 0 5.0 13 9 14
1171 2 5.0 17 0 0
1172 0 5.0 1 0 0
1173 2 10.0 14 0 0
1174 1 10.0 11 0 0
1175 2 10.0 11 0 0
1176 0 5.0 11 0 0
1177 2 5.0 4 16 10
1178 1 50.0 13 16 6
1179 0 15.0 4 0 0
1180 0 5.0 2 19 12
1181 1 30.0 14 17 16
1182 1 50.0 5 0 0
1183 0 15.0 4 5 19
1184 1 30.0 14 3 16
1185 0 15.0 1 14 0
1186 1 5.0 8 5 0
1187 2 30.0 3 0 0
1188 0 10.0 8 0 0
1189 0 30.0 6 0 0
1190 2 10.0 13 0 0
1191 0 10.0 1 0 0
1192 0 5.0 12 0 0
1193 2 50.0 2 0 0
1194 0 15.0 3 0 0
1195 2 5.0 7 0 0
1196 1 30.0 4 0 0
1197 1 50.0 19 0 0
1198 1 10.0 20 0 0
1199 1 5.0 9 0 0
1200 1 10.0 9 0 0
1201 1 5.0 15 0 0
1202 1 10.0 9 0 0
1203 1 30.0 20 0 0
1204 0 5.0 20 0 0
1205 1 5.0 3 1 0
1206 0 30.0 2 18 0
1207 1 30.0 6 17 0
1208 0 15.0 11 0 0
1209 0 15.0 16 17 0
1210 0 30.0 14 0 0
1211 0 15.0 2 11 0
1212 2 50.0 18 0 0
1213 2 50.0 3 10 0
1214 1 30.0 3 0 0
1215 2 10.0 2 4 0
1216 0 30.0 14 9 0
1217 1 10.0 5 0 0
1218 0 10.0 9 0 0
1219 0 15.0 16 7 0
1220 0 10.0 1 0 0
1221 1 15.0 5 0 0
1222 0 10.0 13 15 0
1223 0 30.0 17 11 0
1224 2 15.0 7 2 0
1225 0 10.0 5 1 0
1226 1 5.0 10 0 0
1227 1 5.0 2 3 0
1228 0 5.0 2 0 0
1229 2 15.0 5 4 0
1230 1 15.0 5 9 0
1231 0 30.0 9 0 0
1232 0 30.0 20 9 0
1233 0 15.0 12 0 0
1234 1 30.0 19 0 0
1235 1 5.0 9 6 0
1236 2 15.0 6 7 0
1237 2 5.0 14 9 0
1238 2 15.0 1 14 9
1239 1 5.0 19 11 0
1240 0 10.0 1 18 9
1241 2 15.0 11 17 9
1242 0 5.0 19 2 1
1243 2 15.0 6 9 20
1244 0 30.0 4 9 0
1245 0 50.0 7 5 0
1246 1 15.0 2 15 0
1247 0 30.0 17 0 0
1248 0 15.0 13 16 15
1249 1 30.0 19 3 7
1250 2 5.0 16 1 0
1251 2 15.0 13 17 0
1252 2 10.0 10 16 0
1253 2 50.0 13 1 4
1254 0 50.0 11 13 12
1255 1 50.0 9 11 7
1256 0 10.0 5 14 20
1257 0 15.0 8 10 5
1258 2 5.0 4 8 0
1259 0 30.0 4 13 0
1260 0 15.0 9 4 0
1261 0 15.0 19 10 0
1262 0 50.0 8 20 0
1263 0 10.0 4 16 0
1264 0 10.0 14 16 0
1265 0 5.0 12 5 0
1266 1 30.0 7 5 0
1267 2 5.0 18 15 0
1268 0 10.0 16 15 0
1269 1 15.0 7 16 0
1270 2 5.0 20 10 0
1271 1 5.0 20 13 0
1272 0 5.0 1 6 0
1273 2 5.0 6 15 0
1274 2 30.0 1 14 0
1275 1 5.0 12 3 5
1276 1 10.0 10 4 19
1277 0 10.0 17 14 1
1278 2 30.0 14 19 17
1279 0 10.0 13 3 12
1280 0 15.0 13 1 0
1281 0 5.0 6 8 2
1282 0 50.0 11 14 16
1283 2 50.0 2 0 0
1284 1 30.0 13 0 0
1285 0 15.0 3 0 0
1286 2 5.0 20 0 0
1287 0 10.0 3 0 0
1288 1 15.0 9 0 0
1289 0 15.0 10 0 0
1290 2 5.0 18 0 0
1291 2 50.0 14 6 0
1292 0 30.0 8 5 0
1293 1 30.0 2 0 0
1294 2 5.0 12 0 0
1295 1 15.0 5 0 0
1296 1 30.0 15 0 0
1297 0 50.0 11 0 0
1298 2 10.0 15 0 0
1299 0 5.0 6 0 0
1300 1 50.0 13 1 0
1301 2 15.0 16 6 17
1302 0 50.0 4 0 0
1303 1 5.0 9 0 0
1304 2 30.0 5 0 0
1305 0 10.0 6 0 0
1306 1 15.0 5 0 0
1307 1 30.0 11 0 0
1308 0 50.0 7 0 0
1309 2 5.0 1 0 0
1310 0 15.0 4 0 0
1311 0 10.0 9 16 12
1312 0 30.0 16 19 2
1313 0 10.0 4 2 16
1314 2 10.0 1 15 12
1315 1 5.0 4 6 3
1316 1 10.0 5 6 2
1317 0 50.0 2 0 0
1318 0 50.0 18 2 0
1319 0 5.0 4 0 0
1320 2 30.0 7 0 0
1321 2 30.0 1 3 0
1322 1 30.0 16 0 0
1323 2 10.0 1 2 0
1324 1 5.0 10 4 0
1325 1 5.0 6 8 0
1326 2 50.0 9 0 0
1327 0 5.0 4 5 0
1328 2 5.0 19 9 18
1329 2 15.0 14 4 0
1330 0 50.0 13 0 0
1331 2 30.0 17 0 0
1332 2 15.0 7 0 0
1333 1 10.0 9 7 0
1334 2 30.0 3 19 0
1335 0 30.0 12 15 0
1336 0 15.0 5 3 0
1337 0 10.0 11 7 0
1338 1 5.0 20 14 0
1339 0 10.0 8 0 0
1340 2 5.0 16 7 0
1341 0 10.0 11 12 0
1342 0 10.0 7 17 0
1343 2 30.0 1 18 14
1344 0 15.0 11 20 5
1345 2 15.0 15 3 0
1346 1 30.0 8 0 0
1347 0 5.0 10 0 0
1348 0 15.0 15 0 0
1349 2 50.0 3 0 0
1350 1 5.0 15 0 0
1351 2 10.0 12 0 0
1352 1 50.0 18 5 0
1353 0 50.0 20 12 0
1354 2 15.0 10 0 0
1355 0 15.0 13 0 0
1356 2 50.0 14 8 0
1357 2 50.0 3 0 0
1358 0 15.0 13 16 0
1359 2 50.0 1 7 0
1360 0 15.0 20 7 0
1361 2 5.0 2 0 0
1362 2 30.0 4 0 0
1363 1 10.0 15 0 0
1364 1 30.0 18 0 0
1365 1 10.0 3 0 0
1366 1 30.0 6 0 0
1367 1 10.0 10 0 0
1368 0 5.0 2 0 0
1369 1 5.0 18 0 0
1370 2 5.0 18 8 0
1371 0 15.0 8 13 0
1372 2 5.0 4 6 0
1373 2 5.0 2 16 0
1374 0 30.0 3 17 0
1375 0 15.0 15 6 0
1376 0 10.0 9 4 0
1377 1 15.0 17 18 0
1378 2 30.0 17 15 18
1379 1 10.0 10 9 0
1380 0 30.0 10 19 14
1381 2 30.0 6 1 9
1382 1 30.0 14 0 0
1383 2 15.0 20 0 0
1384 0 15.0 11 0 0
1385 0 50.0 7 0 0
1386 2 10.0 13 0 0
1387 1 15.0 13 0 0
1388 2 15.0 19 0 0
1389 0 5.0 19 0 0
1390 2 30.0 20 0 0
1391 0 50.0 10 0 0
1392 2 15.0 11 0 0
1393 0 50.0 1 7 5
1394 2 10.0 19 13 2
1395 1 50.0 1 0 0
1396 1 30.0 12 7 1
1397 1 50.0 17 1 10
1398 2 50.0 3 0 0
1399 1 50.0 1 8 0
1400 0 30.0 2 8 1