400

1001 2 15.0 1 2 0
1002 1 30.0 1 0 0
1003 0 5.0 1 0 0
1004 0 50.0 1 0 0
1005 0 15.0 1 0 0
1006 0 30.0 1 0 0
1007 0 15.0 1 6 0
1008 0 10.0 1 12 4
1009 0 10.0 1 5 3
1010 0 10.0 1 0 0
1011 2 10.0 1 6 0
1012 0 5.0 1 0 0
1013 0 15.0 1 0 0
1014 0 10.0 1 0 0
1015 2 10.0 1 5 0
1016 0 30.0 1 0 0
1017 0 5.0 1 8 4
1018 0 10.0 1 0 0
1019 0 30.0 1 0 0
1020 0 15.0 1 7 0
1021 2 10.0 2 12 16
1022 0 50.0 2 5 0
1023 0 10.0 2 0 0
1024 1 30.0 2 0 0
1025 0 15.0 2 0 0
1026 1 5.0 2 4 12
1027 0 10.0 2 15 11
1028 0 30.0 2 0 0
1029 0 50.0 2 0 0
1030 0 30.0 2 7 0
1031 0 50.0 2 17 1
1032 0 50.0 2 13 7
1033 0 50.0 2 15 9
1034 0 10.0 2 8 0
1035 1 30.0 2 0 0
1036 2 50.0 2 7 0
1037 1 30.0 2 0 0
1038 0 30.0 2 14 5
1039 0 5.0 2 7 6
1040 0 50.0 2 7 4
1041 0 50.0 3 20 14
1042 1 5.0 3 0 0
1043 0 50.0 3 0 0
1044 0 15.0 3 0 0
1045 0 15.0 3 1 6
1046 0 10.0 3 13 11
1047 0 10.0 3 0 0
1048 0 5.0 3 0 0
1049 1 10.0 3 15 0
1050 0 30.0 3 12 13
1051 0 30.0 3 1 0
1052 1 10.0 3 0 0
1053 0 15.0 3 0 0
1054 0 30.0 3 9 0
1055 0 30.0 3 17 16
1056 0 5.0 3 4 1
1057 1 30.0 3 13 1
1058 0 5.0 3 16 14
1059 1 10.0 3 18 0
1060 0 15.0 3 0 0
1061 1 15.0 4 0 0
1062 0 10.0 4 0 0
1063 0 30.0 4 0 0
1064 0 5.0 4 3 0
1065 1 15.0 4 8 1
1066 0 50.0 4 2 1
1067 0 5.0 4 2 0
1068 1 50.0 4 0 0
1069 0 15.0 4 7 0
1070 1 30.0 4 18 0
1071 0 10.0 4 0 0
1072 1 10.0 4 13 7
1073 0 10.0 4 13 17
1074 0 5.0 4 0 0
1075 0 30.0 4 0 0
1076 0 30.0 4 0 0
1077 0 50.0 4 15 12
1078 1 30.0 4 17 6
1079 1 50.0 4 7 0
1080 0 5.0 4 2 0
1081 2 5.0 5 19 7
1082 0 15.0 5 6 0
1083 2 10.0 5 0 0
1084 0 15.0 5 0 0
1085 1 15.0 5 0 0
1086 1 10.0 5 0 0
1087 0 50.0 5 15 0
1088 2 30.0 5 1 0
1089 1 10.0 5 0 0
1090 2 5.0 5 0 0
1091 0 10.0 5 17 1
1092 0 10.0 5 18 0
1093 1 10.0 5 0 0
1094 0 15.0 5 0 0
1095 2 50.0 5 0 0
1096 0 10.0 5 0 0
1097 2 10.0 5 20 0
1098 0 15.0 5 0 0
1099 1 5.0 5 16 0
1100 0 10.0 5 7 9
1101 2 10.0 6 1 0
1102 0 30.0 6 1 11
1103 1 50.0 6 0 0
1104 0 15.0 6 2 0
1105 0 30.0 6 0 0
1106 2 5.0 6 15 11
1107 0 5.0 6 11 8
1108 0 5.0 6 0 0
1109 0 5.0 6 0 0
1110 0 30.0 6 3 0
1111 0 50.0 6 1 0
1112 0 15.0 6 0 0
1113 2 5.0 6 5 0
1114 0 50.0 6 0 0
1115 0 10.0 6 0 0
1116 2 30.0 6 3 0
1117 0 30.0 6 16 0
1118 0 15.0 6 0 0
1119 0 50.0 6 0 0
1120 2 15.0 6 12 0
1121 0 50.0 7 9 18
1122 0 10.0 7 17 3
1123 2 50.0 7 5 1
1124 0 5.0 7 0 0
1125 1 50.0 7 19 20
1126 2 30.0 7 5 1
1127 0 5.0 7 0 0
1128 0 50.0 7 20 8
1129 1 10.0 7 5 0
1130 0 15.0 7 0 0
1131 0 5.0 7 0 0
1132 0 15.0 7 1 6
1133 1 5.0 7 0 0
1134 0 10.0 7 0 0
1135 0 5.0 7 2 1
1136 2 5.0 7 12 0
1137 1 5.0 7 18 3
1138 0 10.0 7 0 0
1139 0 30.0 7 0 0
1140 0 15.0 7 0 0
1141 0 30.0 8 5 0
1142 2 30.0 8 3 0
1143 0 5.0 8 0 0
1144 0 10.0 8 0 0
1145 2 5.0 8 0 0
1146 0 50.0 8 0 4
1147 0 30.0 8 16 0
1148 2 15.0 8 1 20
1149 0 10.0 8 7 0
1150 2 30.0 8 16 5
1151 2 10.0 8 0 0
1152 0 50.0 8 9 0
1153 1 50.0 8 0 0
1154 0 15.0 8 7 0
1155 0 50.0 8 17 6
1156 0 15.0 8 6 2
1157 1 5.0 8 2 5
1158 0 15.0 8 0 0
1159 0 5.0 8 19 0
1160 0 5.0 8 0 0
1161 2 15.0 9 0 0
1162 0 30.0 9 0 0
1163 1 10.0 9 5 10
1164 2 15.0 9 8 0
1165 0 15.0 9 1 0
1166 1 50.0 9 0 0
1167 1 5.0 9 0 0
1168 0 5.0 9 17 19
1169 1 50.0 9 0 0
1170 2 50.0 9 0 0
1171 0 50.0 9 3 0
1172 0 15.0 9 19 11
1173 0 30.0 9 0 0
1174 2 10.0 9 0 0
1175 0 50.0 9 15 8
1176 0 15.0 9 3 0
1177 2 30.0 9 19 8
1178 0 5.0 9 17 4
1179 1 15.0 9 0 0
1180 1 5.0 9 15 1
1181 0 15.0 10 0 0
1182 2 30.0 10 0 0
1183 0 15.0 10 0 0
1184 0 30.0 10 11 0
1185 0 10.0 10 0 0
1186 0 30.0 10 0 0
1187 1 5.0 10 6 13
1188 2 5.0 10 11 1
1189 0 10.0 10 0 0
1190 1 5.0 10 0 0
1191 0 15.0 10 0 0
1192 0 50.0 10 4 0
1193 2 15.0 10 12 0
1194 0 10.0 10 4 0
1195 0 50.0 10 2 3
1196 0 5.0 10 0 0
1197 2 10.0 10 0 0
1198 0 15.0 10 0 0
1199 2 15.0 10 0 0
1200 1 10.0 10 7 2
1201 0 10.0 11 17 0
1202 0 30.0 11 12 9
1203 1 5.0 11 0 0
1204 0 10.0 11 2 0
1205 0 15.0 11 17 3
1206 2 50.0 11 16 13
1207 0 10.0 11 0 0
1208 0 50.0 11 17 6
1209 2 30.0 11 9 1
1210 2 5.0 11 0 0
1211 1 50.0 11 1 14
1212 2 15.0 11 0 0
1213 2 5.0 11 0 0
1214 0 30.0 11 0 0
1215 1 15.0 11 16 6
1216 1 5.0 11 7 1
1217 1 50.0 11 0 0
1218 2 15.0 11 6 0
1219 1 10.0 11 7 8
1220 1 30.0 11 0 0
1221 0 50.0 12 0 0
1222 2 10.0 12 2 0
1223 2 5.0 12 15 10
1224 0 30.0 12 2 0
1225 0 5.0 12 0 0
1226 0 10.0 12 0 0
1227 2 30.0 12 18 16
1228 1 5.0 12 14 8
1229 1 15.0 12 7 0
1230 0 10.0 12 3 0
1231 2 5.0 12 0 0
1232 2 30.0 12 13 1
1233 0 15.0 12 1 15
1234 2 50.0 12 0 0
1235 1 30.0 12 0 0
1236 1 10.0 12 0 0
1237 2 15.0 12 0 0
1238 0 50.0 12 11 7
1239 1 5.0 12 0 0
1240 0 15.0 12 0 0
1241 1 50.0 13 0 0
1242 0 5.0 13 8 4
1243 2 15.0 13 4 8
1244 1 10.0 13 0 0
1245 2 10.0 13 0 0
1246 2 30.0 13 0 0
1247 2 50.0 13 1 0
1248 0 10.0 13 0 0
1249 2 15.0 13 17 1
1250 0 5.0 13 10 6
1251 2 50.0 13 0 0
1252 0 30.0 13 20 7
1253 2 5.0 13 0 0
1254 1 15.0 13 0 0
1255 0 10.0 13 0 0
1256 0 50.0 13 0 0
1257 0 50.0 13 0 0
1258 0 5.0 13 0 0
1259 0 30.0 13 4 0
1260 2 30.0 13 0 0
1261 1 15.0 14 19 8
1262 1 50.0 14 7 8
1263 2 30.0 14 3 13
1264 1 30.0 14 16 0
1265 2 5.0 14 7 0
1266 2 50.0 14 9 0
1267 2 10.0 14 5 20
1268 2 30.0 14 0 0
1269 0 30.0 14 4 0
1270 1 10.0 14 0 0
1271 1 10.0 14 3 9
1272 2 15.0 14 2 0
1273 1 30.0 14 7 13
1274 2 10.0 14 1 0
1275 1 15.0 14 3 0
1276 0 15.0 14 4 0
1277 2 5.0 14 0 0
1278 0 10.0 14 5 0
1279 2 10.0 14 1 18
1280 0 5.0 14 9 2
1281 0 10.0 15 0 0
1282 1 30.0 15 17 4
1283 2 15.0 15 20 0
1284 2 5.0 15 9 3
1285 2 30.0 15 2 4
1286 1 15.0 15 0 0
1287 2 15.0 15 14 0
1288 0 50.0 15 3 0
1289 2 10.0 15 20 0
1290 1 10.0 15 6 0
1291 0 30.0 15 9 0
1292 0 50.0 15 14 0
1293 0 15.0 15 13 0
1294 1 15.0 15 10 8
1295 1 5.0 15 2 5
1296 0 50.0 15 10 0
1297 2 50.0 15 13 5
1298 0 10.0 15 0 0
1299 1 50.0 15 1 0
1300 0 50.0 15 13 0
1301 2 5.0 16 2 3
1302 2 30.0 16 8 10
1303 0 10.0 16 18 0
1304 1 10.0 16 7 8
1305 0 15.0 16 12 0
1306 2 10.0 16 7 10
1307 2 15.0 16 7 2
1308 1 15.0 16 0 0
1309 1 5.0 16 0 0
1310 0 5.0 16 0 0
1311 2 30.0 16 2 0
1312 0 10.0 16 1 5
1313 2 15.0 16 19 0
1314 2 30.0 16 1 7
1315 1 10.0 16 3 0
1316 2 15.0 16 10 0
1317 0 5.0 16 15 0
1318 2 5.0 16 19 6
1319 1 50.0 16 5 0
1320 0 5.0 16 0 0
1321 2 30.0 17 0 0
1322 1 10.0 17 6 7
1323 0 30.0 17 18 0
1324 0 5.0 17 2 14
1325 2 50.0 17 16 0
1326 2 15.0 17 5 0
1327 2 50.0 17 9 0
1328 0 10.0 17 4 0
1329 1 50.0 17 2 10
1330 0 50.0 17 19 2
1331 1 30.0 17 1 0
1332 1 50.0 17 8 0
1333 0 30.0 17 0 0
1334 2 15.0 17 12 11
1335 1 30.0 17 0 0
1336 2 30.0 17 3 16
1337 0 50.0 17 0 0
1338 1 10.0 17 0 0
1339 2 50.0 17 0 0
1340 1 50.0 17 0 0
1341 1 15.0 18 6 7
1342 1 30.0 18 10 5
1343 0 15.0 18 0 0
1344 0 50.0 18 19 16
1345 2 5.0 18 3 0
1346 1 5.0 18 7 0
1347 1 15.0 18 0 0
1348 2 30.0 18 13 0
1349 1 10.0 18 6 0
1350 0 5.0 18 8 6
1351 1 30.0 18 7 1
1352 1 50.0 18 6 19
1353 0 50.0 18 3 0
1354 2 30.0 18 6 0
1355 2 5.0 18 0 0
1356 2 5.0 18 7 15
1357 0 5.0 18 1 0
1358 1 50.0 18 20 13
1359 1 15.0 18 0 0
1360 0 30.0 18 0 0
1361 0 30.0 19 4 0
1362 1 50.0 19 0 0
1363 2 10.0 19 9 3
1364 0 5.0 19 0 0
1365 2 10.0 19 0 0
1366 0 5.0 19 4 0
1367 1 50.0 19 0 0
1368 2 50.0 19 4 0
1369 0 50.0 19 8 0
1370 1 15.0 19 3 0
1371 0 15.0 19 2 18
1372 1 5.0 19 5 0
1373 1 15.0 19 15 0
1374 0 50.0 19 3 0
1375 0 15.0 19 3 0
1376 0 50.0 19 20 8
1377 0 5.0 19 4 0
1378 1 10.0 19 10 0
1379 2 30.0 19 0 0
1380 0 5.0 19 0 0
1381 0 15.0 20 0 0
1382 0 50.0 20 0 0
1383 2 15.0 20 17 10
1384 0 50.0 20 1 15
1385 2 5.0 20 5 0
1386 0 15.0 20 0 0
1387 2 30.0 20 0 0
1388 0 5.0 20 0 0
1389 1 50.0 20 0 0
1390 1 30.0 20 18 3
1391 0 10.0 20 0 0
1392 1 50.0 20 0 0
1393 1 50.0 20 8 0
1394 1 30.0 20 2 0
1395 0 30.0 20 16 0
1396 2 50.0 20 12 0
1397 2 5.0 20 10 0
1398 1 15.0 20 2 0
1399 0 30.0 20 4 0
1400 1 30.0 20 10 0