400

1001 1 50.0 1 8 6
1002 0 15.0 1 0 0
1003 1 10.0 1 0 0
1004 0 5.0 1 0 0
1005 0 5.0 1 0 0
1006 0 15.0 1 0 0
1007 0 15.0 1 0 0
1008 1 10.0 1 0 0
1009 1 5.0 1 0 0
1010 2 10.0 1 0 0
1011 1 10.0 1 0 0
1012 1 5.0 1 0 0
1013 1 15.0 1 0 0
1014 1 15.0 1 0 0
1015 0 30.0 1 0 0
1016 1 30.0 1 0 0
1017 0 50.0 1 5 0
1018 1 5.0 1 0 0
1019 0 10.0 1 0 0
1020 1 15.0 1 0 0
1021 1 10.0 2 0 0
1022 2 30.0 2 7 0
1023 1 10.0 2 0 0
1024 0 15.0 2 0 0
1025 1 10.0 2 0 0
1026 0 15.0 2 0 0
1027 1 10.0 2 0 0
1028 1 30.0 2 0 0
1029 0 10.0 2 18 0
1030 0 5.0 2 0 0
1031 1 50.0 2 1 0
1032 1 10.0 2 9 16
1033 0 10.0 2 15 0
1034 1 15.0 2 0 0
1035 1 30.0 2 0 0
1036 0 50.0 2 5 0
1037 0 50.0 2 0 0
1038 2 15.0 2 0 0
1039 0 50.0 2 0 0
1040 1 10.0 2 0 0
1041 1 5.0 3 0 0
1042 0 30.0 3 0 0
1043 1 15.0 3 16 0
1044 0 50.0 3 0 0
1045 0 30.0 3 0 0
1046 0 50.0 3 0 0
1047 1 50.0 3 0 0
1048 0 50.0 3 9 0
1049 2 10.0 3 0 0
1050 0 15.0 3 0 0
1051 1 15.0 3 0 0
1052 1 10.0 3 0 0
1053 0 30.0 3 0 0
1054 0 5.0 3 0 0
1055 0 5.0 3 0 0
1056 1 5.0 3 0 0
1057 1 30.0 3 5 0
1058 0 5.0 3 0 0
1059 1 30.0 3 0 0
1060 1 30.0 3 0 0
1061 2 30.0 4 0 0
1062 1 30.0 4 0 0
1063 1 50.0 4 1 0
1064 1 50.0 4 0 0
1065 0 10.0 4 0 0
1066 1 50.0 4 0 0
1067 0 30.0 4 0 0
1068 0 10.0 4 0 0
1069 0 5.0 4 0 0
1070 2 15.0 4 0 0
1071 1 15.0 4 7 0
1072 1 15.0 4 0 0
1073 0 30.0 4 1 0
1074 2 30.0 4 0 0
1075 1 10.0 4 3 0
1076 1 50.0 4 1 0
1077 0 5.0 4 0 0
1078 0 30.0 4 0 0
1079 2 30.0 4 0 0
1080 0 30.0 4 0 0
1081 1 30.0 5 0 0
1082 2 50.0 5 18 0
1083 0 30.0 5 0 0
1084 1 50.0 5 0 0
1085 1 5.0 5 0 0
1086 0 15.0 5 0 0
1087 0 30.0 5 0 0
1088 2 30.0 5 0 0
1089 0 30.0 5 1 0
1090 0 10.0 5 0 0
1091 1 5.0 5 0 0
1092 0 30.0 5 0 0
1093 2 10.0 5 0 0
1094 0 5.0 5 0 0
1095 1 15.0 5 0 0
1096 0 30.0 5 0 0
1097 1 30.0 5 0 0
1098 1 10.0 5 0 0
1099 1 5.0 5 0 0
1100 2 50.0 5 0 0
1101 0 30.0 6 0 0
1102 1 15.0 6 0 0
1103 1 10.0 6 0 0
1104 0 15.0 6 2 9
1105 1 5.0 6 18 7
1106 0 10.0 6 0 0
1107 1 15.0 6 17 3
1108 2 5.0 6 0 0
1109 1 5.0 6 0 0
1110 1 15.0 6 0 0
1111 0 5.0 6 0 0
1112 1 30.0 6 0 0
1113 2 10.0 6 0 0
1114 1 5.0 6 0 0
1115 0 10.0 6 0 0
1116 2 5.0 6 1 0
1117 1 50.0 6 0 0
1118 2 50.0 6 0 0
1119 0 50.0 6 4 8
1120 0 50.0 6 0 0
1121 1 10.0 7 0 0
1122 0 10.0 7 5 8
1123 1 5.0 7 3 9
1124 2 10.0 7 20 10
1125 1 15.0 7 0 0
1126 0 50.0 7 0 0
1127 0 30.0 7 15 9
1128 1 15.0 7 0 0
1129 0 30.0 7 0 0
1130 1 10.0 7 0 0
1131 2 15.0 7 0 0
1132 1 50.0 7 0 0
1133 0 50.0 7 0 0
1134 0 5.0 7 0 0
1135 0 10.0 7 0 0
1136 1 50.0 7 0 0
1137 1 30.0 7 0 0
1138 1 50.0 7 0 0
1139 0 30.0 7 0 0
1140 1 15.0 7 0 0
1141 1 30.0 8 12 11
1142 0 30.0 8 0 0
1143 1 50.0 8 0 0
1144 1 10.0 8 0 0
1145 1 10.0 8 20 12
1146 0 15.0 8 15 6
1147 0 15.0 8 2 0
1148 1 50.0 8 0 0
1149 1 50.0 8 0 0
1150 1 15.0 8 20 14
1151 1 30.0 8 0 0
1152 0 10.0 8 0 0
1153 0 30.0 8 0 0
1154 0 5.0 8 3 0
1155 0 15.0 8 0 0
1156 1 30.0 8 0 0
1157 0 10.0 8 0 0
1158 2 10.0 8 0 0
1159 0 30.0 8 0 0
1160 1 50.0 8 10 6
1161 0 15.0 9 0 0
1162 1 5.0 9 0 0
1163 0 15.0 9 0 3
1164 1 30.0 9 0 0
1165 1 10.0 9 0 0
1166 2 10.0 9 0 0
1167 1 10.0 9 0 0
1168 0 15.0 9 0 0
1169 0 5.0 9 5 0
1170 0 30.0 9 0 0
1171 0 15.0 9 0 0
1172 1 10.0 9 0 0
1173 0 50.0 9 14 8
1174 1 15.0 9 0 0
1175 1 10.0 9 12 2
1176 1 15.0 9 0 0
1177 1 5.0 9 0 0
1178 0 50.0 9 0 0
1179 2 30.0 9 0 0
1180 1 50.0 9 10 5
1181 2 5.0 10 0 0
1182 0 10.0 10 6 9
1183 0 10.0 10 0 0
1184 2 5.0 10 0 0
1185 0 5.0 10 0 0
1186 0 15.0 10 2 0
1187 0 50.0 10 7 0
1188 1 50.0 10 0 0
1189 0 5.0 10 14 5
1190 2 50.0 10 15 16
1191 1 30.0 10 12 2
1192 0 5.0 10 11 5
1193 0 30.0 10 13 8
1194 1 10.0 10 0 0
1195 1 10.0 10 0 0
1196 0 5.0 10 0 0
1197 0 50.0 10 0 0
1198 2 5.0 10 0 0
1199 0 50.0 10 0 0
1200 1 5.0 10 0 0
1201 2 15.0 11 0 0
1202 1 15.0 11 0 0
1203 0 30.0 11 0 0
1204 0 50.0 11 20 9
1205 1 5.0 11 1 0
1206 0 15.0 11 0 0
1207 1 15.0 11 0 0
1208 0 5.0 11 0 0
1209 2 50.0 11 0 0
1210 0 15.0 11 0 0
1211 1 50.0 11 7 0
1212 0 15.0 11 0 0
1213 1 30.0 11 6 0
1214 1 15.0 11 0 0
1215 1 30.0 11 0 0
1216 0 50.0 11 0 0
1217 0 30.0 11 0 0
1218 1 50.0 11 0 0
1219 0 15.0 11 0 0
1220 2 10.0 11 0 0
1221 1 15.0 12 0 0
1222 2 30.0 12 0 0
1223 1 30.0 12 0 0
1224 1 5.0 12 0 0
1225 0 10.0 12 15 11
1226 1 5.0 12 0 0
1227 1 30.0 12 0 0
1228 0 30.0 12 0 0
1229 0 5.0 12 0 0
1230 2 15.0 12 0 0
1231 0 15.0 12 0 0
1232 1 30.0 12 0 0
1233 0 50.0 12 0 0
1234 1 15.0 12 0 0
1235 0 15.0 12 5 3
1236 0 15.0 12 0 0
1237 2 50.0 12 17 3
1238 2 15.0 12 0 0
1239 1 50.0 12 0 0
1240 2 5.0 12 0 0
1241 0 15.0 13 0 0
1242 1 5.0 13 10 6
1243 0 10.0 13 0 0
1244 1 5.0 13 0 0
1245 0 5.0 13 3 0
1246 1 15.0 13 0 0
1247 2 15.0 13 2 12
1248 1 15.0 13 0 0
1249 0 50.0 13 0 0
1250 1 50.0 13 11 1
1251 1 5.0 13 3 5
1252 1 15.0 13 0 0
1253 2 30.0 13 0 0
1254 0 5.0 13 17 1
1255 1 10.0 13 0 0
1256 0 15.0 13 6 0
1257 1 15.0 13 0 0
1258 2 15.0 13 0 0
1259 0 50.0 13 0 0
1260 2 30.0 13 8 0
1261 2 50.0 14 0 0
1262 0 5.0 14 0 0
1263 2 30.0 14 0 0
1264 0 15.0 14 0 0
1265 0 10.0 14 0 0
1266 2 30.0 14 0 0
1267 0 30.0 14 0 0
1268 0 50.0 14 0 0
1269 1 5.0 14 6 7
1270 0 10.0 14 0 0
1271 0 30.0 14 0 0
1272 2 10.0 14 18 5
1273 2 50.0 14 0 0
1274 2 30.0 14 0 0
1275 0 5.0 14 19 7
1276 0 15.0 14 0 0
1277 2 10.0 14 0 0
1278 1 30.0 14 0 0
1279 2 15.0 14 3 0
1280 0 5.0 14 0 0
1281 0 30.0 15 0 0
1282 1 50.0 15 0 0
1283 1 50.0 15 1 0
1284 0 15.0 15 2 0
1285 1 30.0 15 0 0
1286 0 10.0 15 0 0
1287 0 5.0 15 0 0
1288 0 30.0 15 0 0
1289 1 15.0 15 0 0
1290 2 5.0 15 0 0
1291 2 5.0 15 0 0
1292 0 30.0 15 5 0
1293 1 50.0 15 0 0
1294 2 5.0 15 7 0
1295 1 30.0 15 8 0
1296 2 5.0 15 0 0
1297 1 30.0 15 10 0
1298 1 50.0 15 0 0
1299 2 50.0 15 4 0
1300 1 5.0 15 1 0
1301 1 10.0 16 3 0
1302 1 50.0 16 19 0
1303 1 10.0 16 0 0
1304 0 50.0 16 6 0
1305 0 5.0 16 0 0
1306 0 10.0 16 17 0
1307 2 5.0 16 5 0
1308 0 10.0 16 0 0
1309 0 50.0 16 0 0
1310 0 15.0 16 0 0
1311 1 50.0 16 13 0
1312 0 50.0 16 6 0
1313 2 50.0 16 17 0
1314 0 50.0 16 3 0
1315 1 50.0 16 4 0
1316 1 10.0 16 1 0
1317 2 10.0 16 0 0
1318 1 30.0 16 13 0
1319 0 10.0 16 0 0
1320 1 50.0 16 0 0
1321 2 5.0 17 0 0
1322 0 30.0 17 1 0
1323 0 50.0 17 0 0
1324 1 10.0 17 0 0
1325 0 10.0 17 0 0
1326 2 5.0 17 18 0
1327 0 10.0 17 7 0
1328 1 15.0 17 2 0
1329 2 30.0 17 0 0
1330 1 15.0 17 0 0
1331 0 5.0 17 6 0
1332 0 15.0 17 0 0
1333 0 5.0 17 0 0
1334 1 15.0 17 0 0
1335 0 15.0 17 8 0
1336 1 10.0 17 5 0
1337 2 10.0 17 7 0
1338 1 15.0 17 14 0
1339 0 10.0 17 14 0
1340 0 30.0 17 1 0
1341 0 30.0 18 5 0
1342 2 30.0 18 10 0
1343 2 15.0 18 0 0
1344 2 5.0 18 7 0
1345 1 10.0 18 0 0
1346 0 15.0 18 0 0
1347 1 10.0 18 0 0
1348 2 50.0 18 0 0
1349 1 50.0 18 3 0
1350 2 5.0 18 0 0
1351 1 50.0 18 4 0
1352 0 50.0 18 0 0
1353 0 5.0 18 1 0
1354 1 5.0 18 0 0
1355 2 30.0 18 0 0
1356 0 30.0 18 0 0
1357 1 5.0 18 0 0
1358 2 10.0 18 20 0
1359 0 15.0 18 8 0
1360 0 5.0 18 0 0
1361 2 15.0 19 0 0
1362 1 15.0 19 0 0
1363 2 5.0 19 3 0
1364 0 50.0 19 9 0
1365 2 50.0 19 0 0
1366 1 50.0 19 1 0
1367 0 5.0 19 0 0
1368 1 10.0 19 0 0
1369 2 10.0 19 4 0
1370 0 50.0 19 0 0
1371 2 10.0 19 0 0
1372 0 30.0 19 0 0
1373 2 50.0 19 5 0
1374 0 30.0 19 0 0
1375 1 10.0 19 0 0
1376 2 10.0 19 0 0
1377 0 10.0 19 1 0
1378 1 10.0 19 4 0
1379 0 10.0 19 0 0
1380 2 5.0 19 10 8
1381 1 5.0 20 0 0
1382 2 30.0 20 0 0
1383 0 5.0 20 0 0
1384 2 50.0 20 18 9
1385 2 10.0 20 6 0
1386 1 5.0 20 0 0
1387 0 5.0 20 0 0
1388 1 5.0 20 0 0
1389 2 15.0 20 0 0
1390 0 50.0 20 0 0
1391 1 5.0 20 0 0
1392 2 10.0 20 7 0
1393 1 30.0 20 6 0
1394 1 15.0 20 5 0
1395 1 10.0 20 0 0
1396 2 15.0 20 3 0
1397 1 30.0 20 2 0
1398 2 5.0 20 0 0
1399 1 50.0 20 0 0
1400 2 50.0 20 3 5