400

1001 0 10.0 3 1 16
1002 1 15.0 14 16 4
1003 0 5.0 4 2 0
1004 0 10.0 12 0 0
1005 1 50.0 15 0 0
1006 0 50.0 13 12 0
1007 0 10.0 12 4 8
1008 0 50.0 15 0 0
1009 0 10.0 6 17 0
1010 2 30.0 4 0 0
1011 0 50.0 10 6 0
1012 0 50.0 19 0 0
1013 1 5.0 1 0 0
1014 0 10.0 15 0 9
1015 0 50.0 15 0 0
1016 0 5.0 12 0 0
1017 0 30.0 2 7 0
1018 0 10.0 20 6 0
1019 2 10.0 8 14 0
1020 0 50.0 15 0 0
1021 0 10.0 16 8 0
1022 0 10.0 16 7 0
1023 1 10.0 12 0 0
1024 1 10.0 18 20 0
1025 2 10.0 13 17 2
1026 1 15.0 9 3 18
1027 1 5.0 20 7 6
1028 2 30.0 9 2 0
1029 2 50.0 6 20 15
1030 1 30.0 15 5 0
1031 0 10.0 8 0 0
1032 0 15.0 3 1 0
1033 2 15.0 17 1 0
1034 0 10.0 3 2 0
1035 1 5.0 14 18 0
1036 2 30.0 8 15 0
1037 1 5.0 19 8 0
1038 2 15.0 10 17 0
1039 2 30.0 7 18 0
1040 2 15.0 11 7 0
1041 1 30.0 15 12 0
1042 2 30.0 6 7 0
1043 1 5.0 4 13 0
1044 0 5.0 8 1 0
1045 1 15.0 11 20 0
1046 0 30.0 5 14 15
1047 1 10.0 5 9 0
1048 1 15.0 8 12 0
1049 1 10.0 14 20 5
1050 0 5.0 17 13 14
1051 0 5.0 7 0 0
1052 0 30.0 14 0 0
1053 0 10.0 18 0 0
1054 0 10.0 2 0 0
1055 1 15.0 11 0 0
1056 1 15.0 18 0 0
1057 0 50.0 1 0 0
1058 2 10.0 2 0 0
1059 2 50.0 13 0 0
1060 0 50.0 19 0 0
1061 0 15.0 11 0 0
1062 1 30.0 11 0 0
1063 0 15.0 7 0 0
1064 2 50.0 11 0 0
1065 0 15.0 3 0 0
1066 2 30.0 3 0 0
1067 0 15.0 9 0 0
1068 0 30.0 20 0 0
1069 1 5.0 19 0 0
1070 2 50.0 18 0 0
1071 1 10.0 9 7 0
1072 1 15.0 1 19 0
1073 1 30.0 1 18 0
1074 1 5.0 17 0 0
1075 0 50.0 2 6 0
1076 2 50.0 14 0 0
1077 2 5.0 2 6 0
1078 2 30.0 12 4 0
1079 2 15.0 19 0 0
1080 1 50.0 3 14 0
1081 2 15.0 12 1 0
1082 0 5.0 11 0 0
1083 1 15.0 15 0 0
1084 2 10.0 6 0 0
1085 0 10.0 18 0 0
1086 2 5.0 11 0 0
1087 0 50.0 5 0 0
1088 2 15.0 11 0 0
1089 1 5.0 14 0 0
1090 0 10.0 10 0 0
1091 2 5.0 9 0 0
1092 2 50.0 10 0 0
1093 0 30.0 19 0 0
1094 1 5.0 11 0 0
1095 0 50.0 9 0 0
1096 1 15.0 17 0 0
1097 0 5.0 14 0 0
1098 1 50.0 15 0 0
1099 0 30.0 16 0 0
1100 0 30.0 7 0 0
1101 0 10.0 16 0 0
1102 1 50.0 18 0 0
1103 0 30.0 12 1 0
1104 1 10.0 15 2 0
1105 0 10.0 5 0 0
1106 1 50.0 1 0 0
1107 0 15.0 3 0 0
1108 2 15.0 3 0 0
1109 0 50.0 19 0 0
1110 1 30.0 1 0 0
1111 0 10.0 9 0 0
1112 0 30.0 15 0 0
1113 1 30.0 18 0 0
1114 2 50.0 4 0 0
1115 0 15.0 12 0 0
1116 0 10.0 12 0 0
1117 0 10.0 18 5 0
1118 2 5.0 7 8 0
1119 0 5.0 6 20 0
1120 1 30.0 3 0 0
1121 0 15.0 7 4 0
1122 0 10.0 16 9 0
1123 1 30.0 4 0 0
1124 0 50.0 19 7 9
1125 0 10.0 8 0 0
1126 1 50.0 8 17 19
1127 0 5.0 16 14 0
1128 0 30.0 10 1 0
1129 1 15.0 17 0 0
1130 0 5.0 16 13 0
1131 2 15.0 10 0 0
1132 0 10.0 7 8 0
1133 0 30.0 6 0 0
1134 2 30.0 17 2 0
1135 0 10.0 5 7 0
1136 2 50.0 2 8 0
1137 0 50.0 8 0 0
1138 1 15.0 2 0 0
1139 2 15.0 5 0 0
1140 1 30.0 1 17 0
1141 1 10.0 6 20 0
1142 0 50.0 7 0 0
1143 0 30.0 17 3 0
1144 1 15.0 13 11 0
1145 1 10.0 11 15 3
1146 1 30.0 16 18 4
1147 1 50.0 13 1 0
1148 0 50.0 15 0 0
1149 2 10.0 4 0 0
1150 1 15.0 3 0 0
1151 2 30.0 13 0 0
1152 0 50.0 13 0 0
1153 1 30.0 2 0 0
1154 2 10.0 4 0 0
1155 1 5.0 9 0 0
1156 0 50.0 18 0 0
1157 1 50.0 3 0 0
1158 2 10.0 6 0 0
1159 0 5.0 16 0 0
1160 1 5.0 5 19 0
1161 2 50.0 2 12 0
1162 1 15.0 13 2 0
1163 1 50.0 17 14 0
1164 2 10.0 2 0 0
1165 0 5.0 14 8 0
1166 1 10.0 20 0 0
1167 0 15.0 16 6 0
1168 2 10.0 14 0 0
1169 2 10.0 16 20 0
1170 1 30.0 5 0 0
1171 1 5.0 11 3 0
1172 1 10.0 2 9 0
1173 0 30.0 17 2 0
1174 1 50.0 9 0 0
1175 1 10.0 20 0 0
1176 0 30.0 11 0 0
1177 0 15.0 7 0 0
1178 0 5.0 16 0 0
1179 1 10.0 5 0 0
1180 2 15.0 4 0 0
1181 1 5.0 6 17 0
1182 0 10.0 20 6 0
1183 2 15.0 9 0 0
1184 2 30.0 14 0 0
1185 1 50.0 12 0 0
1186 2 15.0 10 16 0
1187 2 10.0 11 19 0
1188 0 50.0 2 0 0
1189 2 50.0 9 11 0
1190 1 30.0 18 0 0
1191 0 30.0 18 0 0
1192 2 30.0 5 4 12
1193 2 5.0 7 15 9
1194 2 10.0 18 6 5
1195 0 10.0 8 0 0
1196 1 15.0 7 0 0
1197 1 15.0 9 0 0
1198 2 15.0 3 0 0
1199 1 30.0 5 0 0
1200 2 5.0 2 0 0
1201 2 10.0 1 0 0
1202 2 10.0 3 0 0
1203 1 10.0 9 0 0
1204 1 30.0 5 0 0
1205 1 5.0 16 0 0
1206 1 50.0 20 0 0
1207 2 50.0 18 0 0
1208 2 5.0 1 0 0
1209 0 5.0 13 0 0
1210 2 50.0 1 0 0
1211 1 50.0 20 0 0
1212 0 10.0 12 0 0
1213 2 10.0 13 0 0
1214 0 30.0 8 0 0
1215 2 15.0 11 0 0
1216 2 10.0 3 0 0
1217 1 15.0 1 0 0
1218 1 30.0 10 0 0
1219 0 30.0 16 0 0
1220 2 50.0 19 0 0
1221 2 10.0 15 0 0
1222 1 5.0 17 12 0
1223 0 5.0 14 10 9
1224 1 10.0 6 12 0
1225 0 10.0 13 18 2
1226 0 10.0 18 3 0
1227 2 50.0 10 1 0
1228 2 10.0 18 13 0
1229 1 5.0 3 9 0
1230 1 5.0 8 9 0
1231 2 10.0 11 0 0
1232 2 50.0 15 18 0
1233 2 50.0 20 11 6
1234 2 10.0 9 0 0
1235 0 50.0 5 18 0
1236 2 10.0 19 6 0
1237 1 30.0 2 19 8
1238 2 50.0 6 0 0
1239 0 30.0 12 17 0
1240 0 50.0 7 3 0
1241 1 10.0 3 20 0
1242 0 50.0 16 10 0
1243 1 50.0 11 14 0
1244 1 30.0 19 3 1
1245 0 15.0 10 18 0
1246 2 10.0 8 3 7
1247 0 30.0 4 17 0
1248 0 30.0 12 9 0
1249 0 50.0 20 0 0
1250 2 10.0 19 0 0
1251 0 5.0 5 0 0
1252 2 10.0 2 4 0
1253 0 50.0 11 6 5
1254 1 5.0 5 4 8
1255 0 10.0 9 0 0
1256 0 15.0 13 17 2
1257 1 50.0 8 18 1
1258 1 30.0 19 0 0
1259 1 5.0 13 0 0
1260 0 10.0 6 0 0
1261 2 10.0 3 0 0
1262 0 15.0 3 0 0
1263 2 10.0 19 0 0
1264 0 50.0 4 0 0
1265 2 30.0 18 6 1
1266 1 10.0 3 7 5
1267 1 15.0 5 0 0
1268 0 30.0 1 5 0
1269 2 15.0 15 5 12
1270 2 15.0 1 20 0
1271 2 15.0 6 19 3
1272 1 15.0 13 14 0
1273 2 15.0 2 0 0
1274 2 50.0 6 0 0
1275 1 15.0 12 0 0
1276 1 5.0 12 0 0
1277 0 50.0 7 0 0
1278 2 5.0 8 0 0
1279 2 10.0 9 0 0
1280 1 10.0 3 0 0
1281 1 15.0 10 0 0
1282 1 15.0 5 0 0
1283 1 50.0 19 0 0
1284 1 50.0 7 0 0
1285 1 10.0 20 0 0
1286 2 50.0 1 0 0
1287 1 5.0 9 0 0
1288 0 50.0 3 14 0
1289 2 5.0 7 0 0
1290 0 10.0 13 0 0
1291 1 50.0 19 0 0
1292 1 10.0 11 14 9
1293 2 30.0 9 6 0
1294 1 30.0 8 1 17
1295 0 50.0 9 17 0
1296 1 15.0 5 16 1
1297 0 30.0 4 17 3
1298 2 10.0 11 5 14
1299 1 50.0 20 9 0
1300 0 5.0 17 19 6
1301 2 5.0 1 15 18
1302 1 15.0 13 5 8
1303 0 10.0 16 0 0
1304 0 10.0 6 0 0
1305 0 10.0 16 11 5
1306 2 15.0 14 19 3
1307 2 5.0 19 17 0
1308 2 50.0 13 12 0
1309 0 15.0 3 17 0
1310 2 5.0 11 13 9
1311 1 15.0 2 4 18
1312 2 15.0 11 9 1
1313 0 15.0 18 5 3
1314 1 50.0 20 10 2
1315 0 5.0 20 2 19
1316 2 10.0 16 14 8
1317 0 5.0 18 11 17
1318 0 15.0 10 3 2
1319 0 50.0 7 14 17
1320 0 50.0 13 0 0
1321 1 50.0 11 10 13
1322 2 10.0 19 0 0
1323 1 50.0 18 4 0
1324 2 50.0 2 3 0
1325 1 5.0 15 12 8
1326 0 5.0 5 9 13
1327 2 30.0 1 12 15
1328 0 5.0 3 5 6
1329 0 15.0 8 18 0
1330 0 50.0 1 14 19
1331 1 15.0 14 5 0
1332 2 5.0 6 7 17
1333 2 15.0 4 0 0
1334 2 5.0 12 9 7
1335 2 15.0 20 12 2
1336 2 5.0 19 1 20
1337 0 5.0 17 10 3
1338 1 15.0 11 12 6
1339 2 50.0 12 13 16
1340 0 15.0 20 18 0
1341 0 15.0 5 11 0
1342 0 30.0 16 0 0
1343 0 15.0 5 14 0
1344 0 50.0 2 0 0
1345 0 50.0 15 0 0
1346 0 30.0 11 15 0
1347 0 30.0 1 5 0
1348 0 15.0 12 0 0
1349 0 30.0 7 8 0
1350 0 30.0 7 5 6
1351 0 50.0 2 0 0
1352 0 5.0 10 0 0
1353 0 50.0 12 7 0
1354 0 50.0 9 0 0
1355 0 30.0 18 6 0
1356 0 50.0 18 0 0
1357 0 15.0 12 8 4
1358 1 10.0 8 0 0
1359 2 10.0 1 0 0
1360 2 10.0 20 0 0
1361 2 30.0 15 18 1
1362 1 50.0 12 19 6
1363 1 30.0 12 8 5
1364 1 10.0 13 5 4
1365 2 10.0 11 13 15
1366 2 5.0 17 6 10
1367 1 5.0 15 0 0
1368 0 5.0 5 0 0
1369 0 30.0 5 0 0
1370 2 50.0 17 0 0
1371 0 50.0 15 0 0
1372 0 30.0 11 16 7
1373 1 15.0 6 5 4
1374 2 10.0 9 3 15
1375 2 5.0 1 3 11
1376 2 30.0 6 20 0
1377 2 30.0 12 6 0
1378 1 15.0 11 0 0
1379 2 30.0 17 8 0
1380 0 50.0 20 17 0
1381 0 30.0 6 0 0
1382 1 50.0 13 0 0
1383 2 15.0 3 0 0
1384 2 10.0 12 0 0
1385 1 30.0 11 0 0
1386 2 30.0 10 0 0
1387 2 5.0 5 1 0
1388 0 10.0 19 4 0
1389 0 50.0 2 20 0
1390 1 10.0 5 16 0
1391 0 30.0 4 18 20
1392 0 30.0 2 20 0
1393 1 30.0 8 0 0
1394 2 30.0 8 0 0
1395 1 5.0 19 6 0
1396 1 50.0 8 0 0
1397 2 30.0 10 0 0
1398 2 15.0 11 0 0
1399 2 5.0 7 16 1
1400 1 5.0 16 4 13