400

1001 0 5.0 1 9 0
1002 0 50.0 1 20 0
1003 1 5.0 1 0 0
1004 0 50.0 1 0 0
1005 2 50.0 1 0 0
1006 0 10.0 1 0 0
1007 0 15.0 1 0 0
1008 0 30.0 1 0 0
1009 1 10.0 1 6 0
1010 0 30.0 1 0 0
1011 2 50.0 1 0 0
1012 0 15.0 1 0 0
1013 2 30.0 1 0 0
1014 0 15.0 1 0 0
1015 0 15.0 1 10 0
1016 1 5.0 1 0 0
1017 1 50.0 1 3 0
1018 1 10.0 1 0 0
1019 1 10.0 1 0 0
1020 0 15.0 1 0 0
1021 1 5.0 2 0 0
1022 0 15.0 2 0 0
1023 1 15.0 2 0 0
1024 2 5.0 2 0 0
1025 0 30.0 2 0 0
1026 1 15.0 2 0 0
1027 0 50.0 2 0 0
1028 2 5.0 2 0 0
1029 1 50.0 2 0 0
1030 1 15.0 2 0 0
1031 0 15.0 2 0 0
1032 0 30.0 2 0 0
1033 1 15.0 2 3 0
1034 2 5.0 2 18 0
1035 0 10.0 2 0 0
1036 1 5.0 2 1 0
1037 0 10.0 2 9 3
1038 2 10.0 2 7 0
1039 0 10.0 2 0 0
1040 1 30.0 2 8 0
1041 0 5.0 3 0 0
1042 1 5.0 3 16 0
1043 1 30.0 3 5 0
1044 0 5.0 3 6 0
1045 1 50.0 3 0 0
1046 1 30.0 3 0 0
1047 1 10.0 3 0 0
1048 1 5.0 3 0 0
1049 2 30.0 3 0 0
1050 1 5.0 3 0 0
1051 0 15.0 3 0 0
1052 1 15.0 3 0 0
1053 1 50.0 3 17 5
1054 1 50.0 3 0 0
1055 2 30.0 3 8 0
1056 1 5.0 3 0 0
1057 2 10.0 3 0 0
1058 1 50.0 3 0 0
1059 0 15.0 3 0 0
1060 0 50.0 3 0 0
1061 1 50.0 4 0 0
1062 0 15.0 4 0 0
1063 1 30.0 4 0 0
1064 1 5.0 4 6 0
1065 2 30.0 4 0 0
1066 0 10.0 4 7 0
1067 2 50.0 4 0 0
1068 2 10.0 4 0 0
1069 2 10.0 4 0 0
1070 1 50.0 4 0 0
1071 2 5.0 4 0 0
1072 1 15.0 4 0 0
1073 2 30.0 4 0 0
1074 1 50.0 4 0 0
1075 1 15.0 4 0 0
1076 1 30.0 4 0 0
1077 0 30.0 4 2 0
1078 0 15.0 4 19 0
1079 0 30.0 4 18 0
1080 1 50.0 4 0 0
1081 1 50.0 5 7 0
1082 2 5.0 5 6 0
1083 1 50.0 5 0 0
1084 1 10.0 5 0 0
1085 2 15.0 5 0 0
1086 2 10.0 5 0 0
1087 0 30.0 5 8 6
1088 0 50.0 5 0 0
1089 0 15.0 5 15 0
1090 2 10.0 5 0 0
1091 2 50.0 5 0 0
1092 2 10.0 5 0 0
1093 1 30.0 5 0 0
1094 0 15.0 5 0 0
1095 1 50.0 5 0 0
1096 0 15.0 5 0 0
1097 0 30.0 5 0 0
1098 0 10.0 5 0 0
1099 0 15.0 5 0 0
1100 2 15.0 5 0 0
1101 2 5.0 6 0 0
1102 0 10.0 6 0 0
1103 1 30.0 6 0 0
1104 0 30.0 6 12 2
1105 1 5.0 6 0 0
1106 0 30.0 6 15 0
1107 2 50.0 6 0 0
1108 0 30.0 6 0 0
1109 0 15.0 6 0 9
1110 1 15.0 6 0 0
1111 0 30.0 6 15 0
1112 0 50.0 6 0 0
1113 0 10.0 6 0 0
1114 1 50.0 6 0 0
1115 0 5.0 6 0 0
1116 1 30.0 6 0 0
1117 1 50.0 6 0 0
1118 0 10.0 6 0 0
1119 1 50.0 6 0 0
1120 0 30.0 6 2 0
1121 0 15.0 7 1 0
1122 2 50.0 7 0 0
1123 1 50.0 7 0 0
1124 2 15.0 7 0 0
1125 1 30.0 7 10 20
1126 1 30.0 7 0 0
1127 0 5.0 7 0 0
1128 1 10.0 7 0 0
1129 1 15.0 7 0 0
1130 0 10.0 7 0 0
1131 1 50.0 7 0 0
1132 0 15.0 7 0 0
1133 1 50.0 7 0 0
1134 0 10.0 7 0 0
1135 0 30.0 7 0 0
1136 1 5.0 7 0 0
1137 0 10.0 7 0 0
1138 0 15.0 7 0 0
1139 1 15.0 7 0 0
1140 2 5.0 7 4 6
1141 1 30.0 8 1 0
1142 0 30.0 8 9 4
1143 2 15.0 8 1 0
1144 0 15.0 8 0 0
1145 1 10.0 8 0 0
1146 0 10.0 8 0 0
1147 2 15.0 8 0 0
1148 0 50.0 8 0 0
1149 2 5.0 8 0 0
1150 1 50.0 8 0 0
1151 0 15.0 8 0 0
1152 0 5.0 8 0 0
1153 1 50.0 8 0 0
1154 1 5.0 8 0 0
1155 0 30.0 8 0 0
1156 1 5.0 8 0 0
1157 2 10.0 8 0 0
1158 0 15.0 8 0 0
1159 2 10.0 8 0 0
1160 1 5.0 8 0 0
1161 1 50.0 9 0 0
1162 2 10.0 9 0 0
1163 0 10.0 9 0 0
1164 0 50.0 9 0 0
1165 1 15.0 9 0 0
1166 0 50.0 9 0 0
1167 1 10.0 9 0 0
1168 0 15.0 9 0 0
1169 1 30.0 9 0 0
1170 0 15.0 9 0 0
1171 0 5.0 9 0 0
1172 1 15.0 9 0 0
1173 0 50.0 9 0 0
1174 1 5.0 9 0 0
1175 1 10.0 9 0 0
1176 2 30.0 9 0 0
1177 1 5.0 9 0 0
1178 2 5.0 9 0 0
1179 0 5.0 9 0 0
1180 0 50.0 9 0 0
1181 0 50.0 10 0 0
1182 0 5.0 10 0 0
1183 1 5.0 10 0 0
1184 0 30.0 10 0 0
1185 0 5.0 10 0 0
1186 0 15.0 10 0 0
1187 2 30.0 10 0 0
1188 2 15.0 10 0 0
1189 0 5.0 10 0 0
1190 0 5.0 10 0 0
1191 0 10.0 10 0 0
1192 2 50.0 10 0 0
1193 1 10.0 10 0 0
1194 1 30.0 10 0 0
1195 2 10.0 10 0 0
1196 2 15.0 10 0 0
1197 0 5.0 10 0 0
1198 2 10.0 10 0 0
1199 1 50.0 10 0 0
1200 0 50.0 10 0 0
1201 1 10.0 11 0 0
1202 1 5.0 11 0 0
1203 1 30.0 11 0 0
1204 2 50.0 11 0 0
1205 1 5.0 11 0 0
1206 0 5.0 11 0 0
1207 0 10.0 11 0 0
1208 1 15.0 11 0 0
1209 0 15.0 11 0 0
1210 2 15.0 11 0 0
1211 1 10.0 11 0 0
1212 1 15.0 11 0 0
1213 2 10.0 11 0 0
1214 1 50.0 11 20 0
1215 2 50.0 11 13 0
1216 1 15.0 11 0 0
1217 0 5.0 11 7 0
1218 1 5.0 11 0 0
1219 0 10.0 11 4 0
1220 0 5.0 11 6 0
1221 0 30.0 12 0 0
1222 1 30.0 12 10 0
1223 0 30.0 12 0 0
1224 0 15.0 12 8 0
1225 2 10.0 12 2 0
1226 1 50.0 12 13 0
1227 2 15.0 12 0 0
1228 0 50.0 12 0 0
1229 0 10.0 12 0 0
1230 0 50.0 12 0 0
1231 1 10.0 12 3 0
1232 1 15.0 12 4 0
1233 0 5.0 12 6 0
1234 1 5.0 12 0 0
1235 1 5.0 12 16 6
1236 0 30.0 12 9 0
1237 0 30.0 12 0 0
1238 1 30.0 12 0 0
1239 1 10.0 12 4 0
1240 0 15.0 12 0 0
1241 0 15.0 13 16 0
1242 0 50.0 13 7 0
1243 1 50.0 13 0 0
1244 0 30.0 13 0 0
1245 1 30.0 13 0 0
1246 2 30.0 13 0 0
1247 2 30.0 13 0 0
1248 0 5.0 13 0 0
1249 0 5.0 13 0 0
1250 1 50.0 13 14 0
1251 0 15.0 13 19 0
1252 0 5.0 13 18 1
1253 1 10.0 13 12 7
1254 0 15.0 13 0 0
1255 0 10.0 13 0 0
1256 0 50.0 13 18 0
1257 1 50.0 13 0 0
1258 1 50.0 13 16 0
1259 0 5.0 13 0 0
1260 0 15.0 13 0 0
1261 2 10.0 14 0 0
1262 1 10.0 14 0 0
1263 2 10.0 14 0 0
1264 2 30.0 14 1 0
1265 0 10.0 14 20 0
1266 1 5.0 14 0 0
1267 2 10.0 14 0 0
1268 0 5.0 14 2 7
1269 1 10.0 14 16 3
1270 0 50.0 14 17 3
1271 1 10.0 14 0 0
1272 0 5.0 14 4 0
1273 2 30.0 14 5 2
1274 1 10.0 14 20 0
1275 1 10.0 14 0 0
1276 2 5.0 14 0 0
1277 2 15.0 14 12 8
1278 1 10.0 14 2 0
1279 1 10.0 14 0 0
1280 0 50.0 14 8 12
1281 0 15.0 15 14 8
1282 2 30.0 15 18 0
1283 0 30.0 15 8 0
1284 0 15.0 15 17 0
1285 2 15.0 15 0 0
1286 1 50.0 15 0 0
1287 1 30.0 15 0 0
1288 1 30.0 15 0 0
1289 2 15.0 15 3 0
1290 0 30.0 15 0 0
1291 1 30.0 15 0 0
1292 1 50.0 15 8 3
1293 2 10.0 15 5 8
1294 1 10.0 15 0 0
1295 2 50.0 15 0 0
1296 2 50.0 15 3 0
1297 1 50.0 15 0 0
1298 1 30.0 15 0 0
1299 0 10.0 15 0 0
1300 2 15.0 15 8 0
1301 2 50.0 16 6 4
1302 1 5.0 16 0 0
1303 2 50.0 16 6 7
1304 1 30.0 16 0 0
1305 0 10.0 16 13 2
1306 0 50.0 16 15 9
1307 1 50.0 16 13 2
1308 1 10.0 16 12 0
1309 1 30.0 16 20 0
1310 2 30.0 16 0 0
1311 1 5.0 16 18 8
1312 1 50.0 16 0 0
1313 0 15.0 16 0 0
1314 0 50.0 16 13 7
1315 1 10.0 16 20 0
1316 0 15.0 16 17 7
1317 1 30.0 16 0 0
1318 0 50.0 16 15 0
1319 0 10.0 16 0 0
1320 1 5.0 16 11 0
1321 1 50.0 17 6 0
1322 0 50.0 17 0 0
1323 1 5.0 17 0 0
1324 2 30.0 17 0 0
1325 1 5.0 17 0 0
1326 0 30.0 17 0 0
1327 0 5.0 17 0 0
1328 1 5.0 17 11 6
1329 0 30.0 17 6 9
1330 1 5.0 17 0 0
1331 0 5.0 17 0 0
1332 1 50.0 17 0 0
1333 0 30.0 17 18 0
1334 2 5.0 17 7 0
1335 1 5.0 17 6 0
1336 1 5.0 17 1 0
1337 2 30.0 17 0 0
1338 2 5.0 17 0 0
1339 1 30.0 17 12 0
1340 1 50.0 17 0 0
1341 1 30.0 18 0 0
1342 1 15.0 18 0 0
1343 2 30.0 18 0 0
1344 1 15.0 18 0 0
1345 1 10.0 18 10 2
1346 0 5.0 18 19 0
1347 0 30.0 18 2 0
1348 0 10.0 18 3 13
1349 2 10.0 18 12 0
1350 1 30.0 18 20 9
1351 1 15.0 18 2 0
1352 1 30.0 18 17 9
1353 0 10.0 18 3 7
1354 2 15.0 18 0 0
1355 1 15.0 18 0 0
1356 0 15.0 18 0 0
1357 2 10.0 18 0 0
1358 2 5.0 18 0 0
1359 0 10.0 18 0 0
1360 1 5.0 18 8 0
1361 2 10.0 19 4 6
1362 1 50.0 19 0 0
1363 1 30.0 19 0 0
1364 2 50.0 19 5 4
1365 0 5.0 19 0 0
1366 1 30.0 19 0 0
1367 0 30.0 19 0 0
1368 1 10.0 19 0 0
1369 0 15.0 19 0 0
1370 1 50.0 19 0 0
1371 1 30.0 19 0 0
1372 1 15.0 19 0 0
1373 0 10.0 19 0 0
1374 0 30.0 19 18 7
1375 1 10.0 19 9 0
1376 0 5.0 19 0 0
1377 1 5.0 19 0 0
1378 0 10.0 19 0 0
1379 0 30.0 19 0 8
1380 1 5.0 19 0 0
1381 0 50.0 20 0 2
1382 0 15.0 20 6 0
1383 0 15.0 20 2 0
1384 0 5.0 20 0 0
1385 1 10.0 20 8 0
1386 0 50.0 20 8 0
1387 0 10.0 20 7 0
1388 2 15.0 20 0 0
1389 1 15.0 20 0 0
1390 1 50.0 20 0 0
1391 0 15.0 20 0 0
1392 0 5.0 20 0 0
1393 2 5.0 20 1 0
1394 1 50.0 20 12 0
1395 1 15.0 20 0 0
1396 0 30.0 20 0 0
1397 0 30.0 20 0 0
1398 1 15.0 20 0 0
1399 0 5.0 20 0 0
1400 0 10.0 20 0 0