400

1001 0 15.0 1 14 0
1002 1 10.0 10 0 0
1003 1 15.0 6 0 0
1004 0 30.0 17 0 0
1005 1 5.0 5 0 0
1006 0 30.0 4 0 0
1007 0 30.0 11 0 0
1008 1 30.0 18 0 0
1009 0 10.0 9 0 0
1010 0 30.0 18 0 0
1011 1 50.0 1 0 0
1012 0 15.0 5 12 0
1013 0 10.0 19 0 0
1014 0 5.0 9 14 4
1015 1 10.0 6 8 2
1016 1 5.0 12 3 0
1017 0 30.0 1 9 4
1018 0 10.0 9 11 0
1019 0 50.0 13 19 16
1020 0 10.0 1 0 0
1021 2 50.0 16 9 0
1022 1 50.0 12 0 0
1023 1 10.0 8 0 0
1024 1 5.0 14 0 0
1025 0 10.0 1 5 2
1026 1 30.0 17 0 0
1027 2 50.0 19 12 7
1028 0 50.0 18 0 0
1029 2 10.0 15 0 0
1030 0 10.0 18 0 0
1031 0 30.0 9 0 0
1032 2 50.0 2 6 0
1033 0 30.0 10 17 18
1034 2 30.0 18 0 0
1035 1 5.0 8 0 0
1036 0 15.0 18 0 0
1037 0 30.0 20 0 0
1038 0 50.0 1 0 0
1039 2 15.0 5 9 0
1040 0 15.0 13 1 0
1041 2 50.0 7 0 0
1042 1 50.0 16 0 0
1043 0 5.0 17 0 0
1044 2 5.0 13 0 0
1045 0 5.0 18 0 0
1046 0 30.0 17 0 0
1047 1 15.0 3 6 4
1048 0 30.0 12 1 3
1049 0 30.0 6 0 0
1050 0 15.0 7 0 0
1051 0 15.0 1 0 0
1052 0 5.0 9 0 0
1053 0 15.0 9 0 0
1054 0 5.0 19 0 0
1055 1 15.0 11 18 2
1056 0 30.0 12 5 6
1057 0 10.0 2 8 9
1058 2 5.0 13 0 0
1059 1 50.0 18 0 0
1060 0 5.0 14 0 0
1061 2 30.0 12 4 0
1062 0 10.0 3 0 0
1063 0 15.0 4 0 0
1064 0 15.0 9 0 0
1065 1 10.0 5 0 0
1066 0 30.0 3 0 0
1067 1 50.0 6 4 5
1068 0 5.0 5 0 0
1069 0 50.0 10 0 0
1070 0 30.0 20 0 0
1071 2 10.0 16 0 0
1072 1 5.0 20 0 0
1073 2 50.0 17 0 0
1074 0 15.0 14 0 0
1075 0 10.0 10 0 0
1076 2 10.0 7 0 0
1077 0 30.0 13 2 8
1078 0 15.0 4 0 0
1079 0 50.0 5 14 0
1080 0 30.0 8 4 0
1081 0 50.0 17 1 0
1082 0 30.0 16 0 0
1083 0 50.0 14 17 4
1084 0 15.0 13 0 0
1085 1 15.0 1 0 0
1086 0 15.0 6 2 0
1087 2 30.0 6 0 0
1088 1 50.0 13 6 4
1089 1 50.0 14 8 0
1090 1 5.0 9 14 0
1091 2 10.0 1 0 0
1092 0 5.0 2 0 0
1093 1 10.0 17 0 0
1094 0 5.0 19 20 15
1095 0 10.0 2 17 0
1096 1 15.0 7 0 0
1097 1 50.0 12 0 0
1098 0 15.0 15 0 0
1099 1 10.0 13 0 0
1100 2 15.0 17 0 0
1101 0 30.0 18 0 0
1102 0 30.0 13 0 0
1103 2 50.0 16 14 4
1104 1 30.0 6 0 0
1105 1 50.0 16 0 0
1106 1 50.0 19 2 0
1107 1 50.0 3 2 0
1108 0 10.0 13 0 0
1109 2 50.0 1 0 0
1110 2 50.0 14 6 0
1111 0 50.0 20 8 17
1112 0 10.0 12 19 0
1113 0 15.0 4 1 0
1114 1 50.0 14 4 0
1115 0 30.0 11 19 0
1116 2 15.0 12 9 0
1117 2 30.0 7 10 0
1118 1 30.0 8 0 0
1119 2 15.0 9 0 0
1120 0 10.0 11 0 0
1121 2 30.0 13 15 0
1122 0 10.0 4 15 0
1123 1 5.0 14 13 15
1124 2 50.0 7 8 0
1125 1 10.0 7 0 0
1126 1 15.0 11 0 0
1127 1 50.0 19 0 0
1128 2 30.0 19 0 0
1129 2 30.0 10 0 0
1130 2 10.0 18 12 9
1131 2 5.0 20 0 0
1132 0 50.0 20 1 5
1133 0 10.0 6 0 0
1134 1 10.0 6 0 0
1135 0 15.0 9 0 0
1136 1 5.0 5 17 2
1137 1 5.0 3 12 4
1138 2 10.0 10 0 0
1139 2 10.0 9 2 0
1140 2 10.0 3 11 8
1141 1 50.0 7 0 0
1142 1 10.0 5 0 0
1143 2 50.0 10 0 0
1144 1 5.0 10 0 0
1145 2 5.0 10 0 0
1146 1 30.0 4 0 0
1147 2 30.0 8 0 0
1148 1 5.0 9 1 0
1149 1 50.0 7 5 0
1150 0 30.0 8 0 0
1151 0 15.0 20 0 0
1152 2 10.0 17 0 0
1153 2 15.0 10 0 0
1154 1 10.0 15 0 0
1155 1 15.0 18 9 0
1156 1 30.0 15 10 0
1157 0 10.0 5 0 0
1158 2 50.0 10 3 0
1159 1 15.0 4 12 6
1160 1 10.0 4 9 8
1161 2 50.0 15 0 0
1162 0 10.0 5 8 0
1163 2 5.0 8 0 0
1164 0 10.0 12 13 14
1165 1 15.0 5 0 0
1166 0 50.0 7 13 0
1167 1 5.0 14 7 0
1168 2 10.0 2 6 7
1169 0 30.0 5 0 0
1170 0 50.0 7 5 0
1171 1 15.0 10 7 0
1172 2 5.0 19 11 12
1173 0 10.0 18 0 0
1174 0 5.0 3 0 0
1175 1 30.0 9 0 0
1176 0 5.0 4 0 0
1177 2 10.0 13 17 6
1178 2 5.0 17 5 0
1179 0 10.0 17 14 0
1180 1 30.0 16 17 0
1181 2 15.0 7 10 0
1182 0 5.0 18 20 0
1183 1 10.0 7 17 3
1184 0 50.0 19 17 3
1185 0 50.0 16 4 0
1186 1 10.0 18 0 0
1187 2 50.0 4 0 0
1188 0 30.0 11 13 5
1189 0 10.0 13 0 0
1190 0 30.0 10 0 0
1191 2 15.0 5 8 0
1192 1 50.0 6 0 0
1193 0 50.0 20 8 1
1194 2 10.0 17 10 12
1195 1 10.0 19 0 0
1196 1 10.0 7 2 0
1197 1 5.0 4 10 3
1198 1 5.0 16 0 0
1199 1 15.0 7 19 3
1200 2 50.0 14 8 7
1201 2 15.0 13 0 0
1202 0 50.0 12 0 0
1203 1 50.0 12 5 0
1204 2 30.0 10 7 0
1205 0 10.0 1 14 6
1206 2 15.0 18 5 2
1207 0 30.0 8 0 0
1208 1 5.0 4 0 0
1209 1 30.0 3 0 0
1210 2 30.0 17 0 0
1211 2 15.0 18 4 0
1212 2 10.0 16 9 0
1213 0 15.0 19 4 0
1214 0 30.0 19 1 0
1215 0 50.0 14 8 5
1216 1 10.0 8 9 0
1217 1 15.0 2 0 0
1218 0 5.0 9 14 18
1219 1 10.0 13 19 16
1220 2 5.0 9 0 0
1221 2 30.0 4 8 12
1222 1 5.0 19 0 0
1223 0 50.0 6 9 0
1224 0 15.0 3 0 0
1225 1 10.0 5 0 0
1226 0 5.0 5 0 0
1227 0 30.0 20 19 12
1228 1 5.0 14 3 0
1229 2 15.0 16 10 6
1230 2 10.0 8 6 9
1231 2 5.0 2 19 8
1232 2 10.0 10 20 19
1233 0 30.0 8 5 0
1234 1 10.0 9 0 0
1235 2 15.0 8 0 0
1236 2 5.0 7 0 0
1237 1 15.0 14 9 0
1238 2 15.0 10 0 0
1239 2 30.0 6 0 0
1240 2 5.0 5 3 0
1241 2 50.0 15 0 0
1242 1 30.0 18 0 0
1243 0 15.0 17 5 0
1244 2 10.0 1 0 0
1245 2 5.0 14 3 2
1246 1 15.0 6 1 0
1247 1 15.0 19 4 0
1248 2 10.0 2 0 0
1249 0 50.0 17 3 0
1250 2 15.0 3 9 0
1251 1 5.0 20 0 0
1252 1 50.0 5 0 0
1253 0 5.0 1 2 0
1254 1 15.0 12 4 0
1255 1 5.0 17 0 0
1256 0 50.0 19 17 2
1257 1 30.0 6 1 0
1258 1 15.0 14 1 0
1259 1 30.0 6 10 11
1260 0 10.0 11 1 0
1261 0 10.0 8 18 11
1262 1 5.0 20 4 2
1263 0 30.0 2 5 14
1264 0 30.0 16 1 0
1265 2 10.0 9 2 0
1266 2 15.0 20 2 0
1267 0 30.0 15 13 0
1268 0 10.0 11 2 0
1269 0 5.0 2 0 0
1270 2 15.0 5 12 0
1271 2 15.0 6 0 0
1272 0 15.0 17 7 4
1273 1 15.0 4 14 0
1274 2 10.0 6 17 0
1275 0 50.0 11 18 0
1276 2 50.0 7 3 0
1277 0 15.0 12 10 0
1278 2 30.0 1 8 0
1279 0 15.0 18 16 0
1280 2 30.0 3 2 0
1281 0 30.0 17 0 0
1282 2 50.0 4 11 0
1283 1 30.0 1 0 0
1284 1 50.0 1 8 0
1285 2 5.0 1 4 0
1286 0 15.0 8 10 0
1287 2 15.0 18 17 0
1288 2 5.0 8 6 0
1289 1 15.0 18 12 3
1290 0 5.0 4 15 0
1291 0 30.0 14 5 0
1292 1 10.0 11 4 0
1293 1 50.0 7 20 0
1294 2 15.0 18 0 0
1295 0 30.0 15 0 0
1296 2 15.0 16 1 7
1297 2 15.0 15 13 0
1298 1 5.0 14 1 0
1299 2 50.0 8 19 0
1300 0 10.0 20 6 0
1301 2 50.0 10 0 0
1302 2 30.0 5 0 0
1303 1 5.0 7 0 0
1304 2 10.0 7 3 0
1305 2 15.0 20 14 6
1306 0 10.0 7 6 0
1307 0 5.0 19 8 0
1308 0 50.0 19 0 0
1309 2 30.0 17 1 0
1310 2 30.0 3 0 0
1311 2 5.0 4 16 5
1312 2 10.0 20 19 1
1313 1 10.0 16 0 0
1314 0 5.0 9 4 0
1315 1 5.0 19 0 0
1316 2 10.0 18 3 0
1317 1 30.0 16 0 0
1318 1 50.0 19 0 0
1319 0 10.0 15 4 3
1320 0 30.0 9 1 0
1321 2 15.0 18 0 0
1322 0 30.0 10 19 0
1323 1 15.0 19 0 0
1324 1 50.0 10 0 0
1325 2 30.0 14 18 0
1326 2 10.0 16 20 0
1327 1 5.0 11 0 0
1328 0 5.0 6 0 0
1329 2 30.0 10 9 7
1330 1 15.0 12 7 0
1331 0 5.0 13 8 2
1332 0 50.0 18 13 0
1333 1 10.0 7 0 0
1334 1 10.0 15 0 0
1335 2 15.0 4 0 0
1336 2 5.0 13 0 0
1337 2 50.0 16 0 0
1338 1 5.0 15 19 0
1339 1 5.0 16 0 0
1340 2 5.0 9 0 0
1341 0 10.0 12 5 0
1342 1 5.0 10 15 9
1343 2 5.0 11 9 2
1344 0 50.0 17 4 1
1345 1 5.0 16 0 0
1346 0 10.0 9 3 17
1347 0 5.0 6 20 0
1348 0 5.0 7 2 11
1349 2 15.0 3 2 0
1350 2 50.0 14 0 0
1351 2 15.0 7 0 0
1352 2 50.0 15 5 0
1353 0 50.0 2 9 10
1354 1 5.0 2 19 0
1355 2 15.0 2 1 0
1356 0 15.0 14 0 0
1357 2 5.0 8 0 0
1358 2 50.0 10 0 0
1359 1 10.0 14 0 0
1360 0 5.0 11 17 2
1361 2 10.0 2 0 0
1362 0 10.0 7 0 0
1363 0 5.0 11 0 0
1364 1 10.0 7 0 0
1365 1 10.0 1 0 0
1366 2 30.0 18 0 0
1367 1 5.0 5 0 0
1368 1 15.0 18 15 8
1369 2 50.0 12 0 0
1370 2 50.0 8 6 1
1371 0 15.0 1 5 0
1372 1 5.0 10 0 0
1373 2 5.0 1 11 3
1374 0 15.0 12 18 4
1375 2 10.0 13 0 0
1376 1 5.0 10 0 0
1377 0 30.0 12 0 0
1378 1 15.0 7 16 0
1379 0 30.0 13 1 8
1380 0 15.0 12 0 0
1381 0 15.0 6 0 0
1382 2 15.0 17 0 0
1383 2 10.0 6 0 0
1384 2 50.0 16 0 0
1385 1 50.0 15 3 0
1386 0 10.0 17 0 0
1387 0 15.0 17 0 0
1388 0 50.0 20 0 0
1389 2 30.0 20 0 0
1390 1 50.0 8 0 0
1391 2 10.0 6 0 0
1392 2 15.0 1 0 0
1393 1 10.0 6 0 0
1394 1 30.0 19 0 0
1395 0 5.0 14 17 9
1396 1 10.0 14 0 0
1397 0 50.0 12 2 0
1398 1 30.0 14 10 7
1399 1 50.0 18 0 0
1400 0 30.0 8 1 19