400

1001 2 10.0 1 3 0
1002 1 15.0 1 0 0
1003 0 10.0 1 2 0
1004 0 50.0 1 0 0
1005 0 50.0 1 0 0
1006 1 50.0 1 0 0
1007 0 30.0 1 13 11
1008 1 15.0 1 0 0
1009 1 30.0 1 8 0
1010 0 15.0 1 4 0
1011 0 30.0 1 13 0
1012 0 10.0 1 19 0
1013 0 5.0 1 4 2
1014 1 50.0 1 6 4
1015 0 50.0 1 16 6
1016 0 30.0 1 0 0
1017 1 10.0 1 0 0
1018 0 30.0 1 16 20
1019 0 50.0 1 0 0
1020 0 5.0 1 17 0
1021 0 5.0 2 0 0
1022 0 15.0 2 20 6
1023 2 30.0 2 8 4
1024 0 30.0 2 0 0
1025 0 10.0 2 20 1
1026 0 30.0 2 0 0
1027 0 5.0 2 10 6
1028 0 50.0 2 17 5
1029 2 15.0 2 17 0
1030 0 15.0 2 0 0
1031 1 10.0 2 0 0
1032 0 5.0 2 0 0
1033 2 50.0 2 1 9
1034 2 5.0 2 9 0
1035 0 10.0 2 0 0
1036 1 50.0 2 0 0
1037 0 5.0 2 19 9
1038 0 10.0 2 17 11
1039 2 50.0 2 11 1
1040 2 10.0 2 13 1
1041 1 5.0 3 1 6
1042 0 10.0 3 20 7
1043 0 5.0 3 0 0
1044 0 10.0 3 0 0
1045 2 15.0 3 0 0
1046 0 50.0 3 0 0
1047 1 50.0 3 0 0
1048 0 5.0 3 17 0
1049 0 5.0 3 0 0
1050 1 50.0 3 0 0
1051 0 5.0 3 0 0
1052 0 15.0 3 1 0
1053 0 15.0 3 12 0
1054 0 10.0 3 0 0
1055 1 50.0 3 0 0
1056 2 30.0 3 0 0
1057 1 5.0 3 0 0
1058 0 10.0 3 11 0
1059 0 10.0 3 8 0
1060 0 5.0 3 0 0
1061 0 10.0 4 5 18
1062 0 5.0 4 0 0
1063 0 5.0 4 0 0
1064 1 10.0 4 14 0
1065 0 15.0 4 12 0
1066 1 15.0 4 18 0
1067 2 5.0 4 2 1
1068 0 10.0 4 0 0
1069 1 50.0 4 0 0
1070 0 5.0 4 0 0
1071 2 15.0 4 11 0
1072 1 30.0 4 0 0
1073 2 30.0 4 0 0
1074 1 15.0 4 0 0
1075 1 5.0 4 0 0
1076 1 5.0 4 0 0
1077 1 50.0 4 18 1
1078 0 10.0 4 0 0
1079 2 10.0 4 20 5
1080 0 30.0 4 3 0
1081 2 5.0 5 3 0
1082 0 10.0 5 14 18
1083 2 5.0 5 0 0
1084 0 5.0 5 0 0
1085 0 10.0 5 16 13
1086 0 15.0 5 0 0
1087 1 50.0 5 8 17
1088 0 10.0 5 0 0
1089 1 15.0 5 15 1
1090 1 15.0 5 9 4
1091 0 5.0 5 14 9
1092 1 50.0 5 0 0
1093 0 50.0 5 0 0
1094 0 5.0 5 1 0
1095 1 15.0 5 3 0
1096 2 5.0 5 0 0
1097 0 10.0 5 0 0
1098 0 5.0 5 0 0
1099 0 15.0 5 11 9
1100 1 30.0 5 0 0
1101 2 15.0 6 0 0
1102 0 15.0 6 5 9
1103 2 15.0 6 16 3
1104 1 50.0 6 8 2
1105 1 10.0 6 1 5
1106 1 5.0 6 16 0
1107 0 30.0 6 19 0
1108 0 50.0 6 9 0
1109 0 50.0 6 12 10
1110 0 50.0 6 2 4
1111 0 30.0 6 2 1
1112 2 5.0 6 0 0
1113 0 15.0 6 3 0
1114 2 50.0 6 13 9
1115 1 15.0 6 0 0
1116 0 30.0 6 4 0
1117 0 5.0 6 0 0
1118 0 15.0 6 3 17
1119 0 10.0 6 0 0
1120 2 10.0 6 9 0
1121 1 30.0 7 3 0
1122 2 10.0 7 2 5
1123 0 50.0 7 2 4
1124 1 30.0 7 19 1
1125 2 50.0 7 17 2
1126 0 10.0 7 3 0
1127 0 15.0 7 3 5
1128 0 10.0 7 3 0
1129 2 5.0 7 0 0
1130 0 5.0 7 5 0
1131 1 30.0 7 1 6
1132 0 10.0 7 12 2
1133 0 15.0 7 11 5
1134 1 15.0 7 13 2
1135 1 30.0 7 0 0
1136 2 50.0 7 0 0
1137 2 30.0 7 0 0
1138 1 30.0 7 0 0
1139 0 10.0 7 0 0
1140 0 10.0 7 14 19
1141 1 15.0 8 14 0
1142 0 5.0 8 18 0
1143 0 5.0 8 0 0
1144 1 5.0 8 7 0
1145 0 10.0 8 9 0
1146 1 5.0 8 4 5
1147 0 30.0 8 20 3
1148 2 5.0 8 0 0
1149 0 50.0 8 0 0
1150 1 50.0 8 0 0
1151 0 15.0 8 0 0
1152 0 15.0 8 15 4
1153 2 50.0 8 5 2
1154 0 30.0 8 10 4
1155 0 30.0 8 0 0
1156 1 15.0 8 1 9
1157 0 5.0 8 2 19
1158 1 30.0 8 0 0
1159 2 50.0 8 0 0
1160 0 50.0 8 7 0
1161 2 10.0 9 0 0
1162 0 10.0 9 7 2
1163 0 30.0 9 12 8
1164 2 5.0 9 0 0
1165 0 5.0 9 5 0
1166 1 50.0 9 2 0
1167 2 50.0 9 12 4
1168 0 5.0 9 0 0
1169 0 5.0 9 0 0
1170 0 15.0 9 11 6
1171 0 15.0 9 4 3
1172 0 5.0 9 18 5
1173 1 30.0 9 12 2
1174 2 10.0 9 6 14
1175 0 30.0 9 4 0
1176 2 50.0 9 3 7
1177 0 30.0 9 5 0
1178 1 10.0 9 0 0
1179 0 30.0 9 14 8
1180 0 50.0 9 0 0
1181 0 10.0 10 0 0
1182 1 30.0 10 4 0
1183 0 30.0 10 0 0
1184 2 10.0 10 13 9
1185 0 15.0 10 12 4
1186 1 50.0 10 9 2
1187 0 30.0 10 0 0
1188 2 10.0 10 0 0
1189 0 15.0 10 0 0
1190 2 15.0 10 0 0
1191 1 5.0 10 11 1
1192 2 30.0 10 16 2
1193 2 15.0 10 3 11
1194 1 50.0 10 8 0
1195 0 30.0 10 6 0
1196 0 15.0 10 2 0
1197 2 15.0 10 8 0
1198 2 10.0 10 4 18
1199 1 10.0 10 0 0
1200 2 5.0 10 9 3
1201 2 50.0 11 9 17
1202 2 30.0 11 0 0
1203 1 50.0 11 18 4
1204 1 5.0 11 1 7
1205 0 30.0 11 0 0
1206 0 5.0 11 0 0
1207 0 30.0 11 9 20
1208 0 30.0 11 17 0
1209 0 50.0 11 0 0
1210 2 50.0 11 0 0
1211 2 50.0 11 0 0
1212 2 10.0 11 0 0
1213 0 30.0 11 0 0
1214 0 15.0 11 7 0
1215 0 50.0 11 0 0
1216 2 5.0 11 3 0
1217 0 5.0 11 0 0
1218 1 10.0 11 6 13
1219 1 30.0 11 13 1
1220 1 15.0 11 18 3
1221 1 5.0 12 0 0
1222 0 50.0 12 0 0
1223 0 50.0 12 11 0
1224 2 5.0 12 0 0
1225 2 15.0 12 8 0
1226 0 5.0 12 0 0
1227 2 50.0 12 5 0
1228 0 15.0 12 9 20
1229 0 5.0 12 15 0
1230 1 10.0 12 0 0
1231 1 30.0 12 1 0
1232 2 50.0 12 2 0
1233 2 50.0 12 8 0
1234 1 30.0 12 10 11
1235 0 50.0 12 0 0
1236 0 10.0 12 13 4
1237 0 5.0 12 2 0
1238 2 50.0 12 4 0
1239 0 15.0 12 15 0
1240 1 30.0 12 4 8
1241 1 5.0 13 0 0
1242 0 15.0 13 11 0
1243 2 15.0 13 0 0
1244 0 5.0 13 18 0
1245 2 15.0 13 4 0
1246 2 15.0 13 0 0
1247 2 10.0 13 0 0
1248 2 15.0 13 6 0
1249 2 50.0 13 7 2
1250 2 30.0 13 5 0
1251 0 30.0 13 6 0
1252 0 5.0 13 18 3
1253 1 30.0 13 14 7
1254 2 15.0 13 7 0
1255 2 50.0 13 0 0
1256 0 10.0 13 0 0
1257 0 10.0 13 10 0
1258 0 30.0 13 9 0
1259 2 30.0 13 1 11
1260 2 5.0 13 0 0
1261 1 5.0 14 5 0
1262 0 30.0 14 20 0
1263 0 50.0 14 0 0
1264 2 50.0 14 11 0
1265 2 30.0 14 0 0
1266 2 10.0 14 5 8
1267 1 30.0 14 0 0
1268 0 15.0 14 5 4
1269 2 30.0 14 5 0
1270 0 50.0 14 10 0
1271 2 10.0 14 2 0
1272 0 50.0 14 0 0
1273 2 50.0 14 0 0
1274 2 30.0 14 0 0
1275 2 50.0 14 0 0
1276 1 50.0 14 0 0
1277 1 15.0 14 10 0
1278 2 10.0 14 3 0
1279 1 15.0 14 2 0
1280 0 15.0 14 0 0
1281 0 30.0 15 0 0
1282 0 50.0 15 11 0
1283 2 50.0 15 17 3
1284 0 15.0 15 0 0
1285 0 5.0 15 2 0
1286 2 30.0 15 10 0
1287 0 30.0 15 2 0
1288 0 15.0 15 0 0
1289 2 30.0 15 17 0
1290 2 50.0 15 14 0
1291 0 10.0 15 8 7
1292 0 5.0 15 0 0
1293 2 50.0 15 0 0
1294 1 10.0 15 7 0
1295 0 10.0 15 18 0
1296 0 15.0 15 14 0
1297 0 5.0 15 18 0
1298 1 5.0 15 19 0
1299 1 5.0 15 6 0
1300 0 5.0 15 20 0
1301 0 50.0 16 1 0
1302 1 50.0 16 20 1
1303 2 15.0 16 4 0
1304 1 10.0 16 0 0
1305 0 15.0 16 2 0
1306 0 30.0 16 0 0
1307 0 50.0 16 7 0
1308 0 50.0 16 8 2
1309 0 30.0 16 4 0
1310 1 30.0 16 0 0
1311 0 5.0 16 2 0
1312 0 30.0 16 0 0
1313 1 15.0 16 6 0
1314 0 5.0 16 4 0
1315 2 50.0 16 10 1
1316 0 10.0 16 0 0
1317 1 15.0 16 18 0
1318 2 15.0 16 2 0
1319 0 30.0 16 0 0
1320 1 15.0 16 6 2
1321 2 30.0 17 9 4
1322 0 15.0 17 6 0
1323 0 10.0 17 0 0
1324 0 10.0 17 7 2
1325 1 5.0 17 0 0
1326 0 10.0 17 6 0
1327 1 5.0 17 0 0
1328 0 5.0 17 5 0
1329 1 50.0 17 9 0
1330 2 5.0 17 0 0
1331 0 30.0 17 0 0
1332 2 30.0 17 0 0
1333 0 5.0 17 5 0
1334 1 50.0 17 0 0
1335 2 15.0 17 0 0
1336 1 10.0 17 0 0
1337 0 5.0 17 9 6
1338 2 5.0 17 16 0
1339 1 15.0 17 11 3
1340 0 10.0 17 0 0
1341 0 10.0 18 0 0
1342 1 30.0 18 0 0
1343 0 10.0 18 12 14
1344 2 10.0 18 0 0
1345 0 10.0 18 14 0
1346 0 5.0 18 8 2
1347 1 30.0 18 0 0
1348 2 15.0 18 0 0
1349 2 50.0 18 20 1
1350 0 10.0 18 2 0
1351 1 30.0 18 5 3
1352 0 15.0 18 12 0
1353 1 15.0 18 6 8
1354 2 30.0 18 0 0
1355 0 30.0 18 0 0
1356 2 15.0 18 0 0
1357 1 5.0 18 0 0
1358 1 50.0 18 7 10
1359 1 30.0 18 13 0
1360 1 10.0 18 2 1
1361 0 50.0 19 0 0
1362 1 30.0 19 0 0
1363 0 10.0 19 11 8
1364 0 50.0 19 9 14
1365 0 15.0 19 0 0
1366 1 15.0 19 0 0
1367 0 50.0 19 0 0
1368 1 30.0 19 0 0
1369 0 10.0 19 20 4
1370 0 15.0 19 7 5
1371 1 30.0 19 4 13
1372 0 10.0 19 0 0
1373 1 10.0 19 4 10
1374 0 10.0 19 0 0
1375 2 50.0 19 2 0
1376 0 5.0 19 8 0
1377 0 30.0 19 9 0
1378 1 30.0 19 7 6
1379 0 50.0 19 0 0
1380 2 10.0 19 8 1
1381 0 30.0 20 14 3
1382 0 50.0 20 10 1
1383 0 15.0 20 9 0
1384 0 5.0 20 18 5
1385 0 30.0 20 4 3
1386 0 10.0 20 11 0
1387 2 10.0 20 0 0
1388 2 15.0 20 0 0
1389 0 10.0 20 5 0
1390 1 15.0 20 10 0
1391 0 15.0 20 18 5
1392 2 10.0 20 0 0
1393 1 5.0 20 0 0
1394 1 15.0 20 3 0
1395 2 15.0 20 0 0
1396 0 50.0 20 10 6
1397 2 5.0 20 0 0
1398 0 10.0 20 0 0
1399 0 15.0 20 10 0
1400 2 10.0 20 3 0