500

1001 0 15.0 1 8 0
1002 1 5.0 1 4 0
1003 0 50.0 1 2 0
1004 0 30.0 1 4 0
1005 0 10.0 1 9 5
1006 1 10.0 1 0 0
1007 1 10.0 1 5 0
1008 0 5.0 1 10 0
1009 0 50.0 1 4 0
1010 0 5.0 1 8 0
1011 2 50.0 1 6 0
1012 0 5.0 1 9 4
1013 0 50.0 1 2 0
1014 1 15.0 1 7 5
1015 1 5.0 1 0 0
1016 0 15.0 1 2 0
1017 0 50.0 1 7 2
1018 0 30.0 1 0 0
1019 1 5.0 1 6 0
1020 0 50.0 1 7 9
1021 1 15.0 2 0 0
1022 0 30.0 2 4 8
1023 0 30.0 2 0 0
1024 2 50.0 2 0 0
1025 0 10.0 2 6 7
1026 0 10.0 2 0 0
1027 0 15.0 2 3 1
1028 1 50.0 2 1 3
1029 0 10.0 2 9 6
1030 1 5.0 2 5 0
1031 2 30.0 2 6 0
1032 0 50.0 2 10 0
1033 0 50.0 2 0 0
1034 1 30.0 2 5 0
1035 1 15.0 2 0 0
1036 1 50.0 2 10 1
1037 0 10.0 2 0 0
1038 2 15.0 2 9 1
1039 1 15.0 2 0 0
1040 1 15.0 2 6 10
1041 2 5.0 3 6 9
1042 1 5.0 3 1 0
1043 2 10.0 3 0 0
1044 2 5.0 3 8 7
1045 0 5.0 3 4 0
1046 1 30.0 3 5 9
1047 0 50.0 3 0 0
1048 0 5.0 3 0 0
1049 0 30.0 3 7 10
1050 2 5.0 3 1 0
1051 1 10.0 3 0 0
1052 0 10.0 3 2 0
1053 1 15.0 3 5 0
1054 0 5.0 3 6 0
1055 1 15.0 3 7 9
1056 2 50.0 3 9 0
1057 2 50.0 3 7 0
1058 1 30.0 3 0 0
1059 0 15.0 3 2 9
1060 0 5.0 3 1 0
1061 1 30.0 4 1 0
1062 1 50.0 4 0 0
1063 0 30.0 4 0 0
1064 1 50.0 4 5 7
1065 1 30.0 4 0 0
1066 2 10.0 4 0 0
1067 0 5.0 4 1 0
1068 0 5.0 4 0 0
1069 1 15.0 4 2 1
1070 0 15.0 4 6 0
1071 2 15.0 4 0 0
1072 1 50.0 4 9 7
1073 2 15.0 4 0 0
1074 0 50.0 4 5 0
1075 0 30.0 4 0 0
1076 2 5.0 4 3 2
1077 0 30.0 4 2 0
1078 1 15.0 4 0 0
1079 2 10.0 4 9 0
1080 1 50.0 4 7 0
1081 0 15.0 5 0 0
1082 0 15.0 5 3 0
1083 0 10.0 5 0 0
1084 0 10.0 5 2 0
1085 2 10.0 5 7 0
1086 2 5.0 5 3 0
1087 0 10.0 5 0 0
1088 0 50.0 5 3 0
1089 0 30.0 5 6 1
1090 0 10.0 5 1 0
1091 2 30.0 5 1 0
1092 2 5.0 5 2 4
1093 0 50.0 5 0 0
1094 2 5.0 5 2 0
1095 1 10.0 5 8 0
1096 1 50.0 5 8 0
1097 0 10.0 5 1 6
1098 0 50.0 5 0 0
1099 1 50.0 5 0 0
1100 2 10.0 5 0 0
1101 0 5.0 6 3 0
1102 0 15.0 6 0 0
1103 1 30.0 6 0 0
1104 0 15.0 6 4 0
1105 0 30.0 6 0 0
1106 1 15.0 6 2 0
1107 0 5.0 6 3 0
1108 0 5.0 6 7 0
1109 1 50.0 6 0 0
1110 0 5.0 6 0 0
1111 2 50.0 6 0 0
1112 2 30.0 6 2 0
1113 1 10.0 6 8 9
1114 0 15.0 6 3 0
1115 2 15.0 6 0 0
1116 0 10.0 6 5 0
1117 2 10.0 6 0 0
1118 2 50.0 6 1 8
1119 2 30.0 6 0 0
1120 2 15.0 6 3 1
1121 0 10.0 7 3 0
1122 0 50.0 7 2 0
1123 0 50.0 7 1 0
1124 0 30.0 7 2 0
1125 2 10.0 7 0 0
1126 1 10.0 7 6 2
1127 0 50.0 7 8 1
1128 2 15.0 7 10 5
1129 0 5.0 7 10 0
1130 2 15.0 7 0 0
1131 0 10.0 7 10 0
1132 2 30.0 7 10 0
1133 1 5.0 7 9 0
1134 1 30.0 7 10 0
1135 1 10.0 7 5 2
1136 2 5.0 7 0 0
1137 0 15.0 7 4 9
1138 0 10.0 7 9 0
1139 1 10.0 7 0 0
1140 0 10.0 7 10 0
1141 2 10.0 8 0 0
1142 0 10.0 8 5 9
1143 0 10.0 8 9 7
1144 0 15.0 8 5 0
1145 2 5.0 8 0 0
1146 0 15.0 8 0 0
1147 0 30.0 8 7 10
1148 0 5.0 8 3 0
1149 0 30.0 8 9 0
1150 1 15.0 8 0 0
1151 0 50.0 8 3 4
1152 1 5.0 8 0 0
1153 0 30.0 8 7 1
1154 0 5.0 8 5 2
1155 2 15.0 8 0 0
1156 0 5.0 8 3 6
1157 2 50.0 8 0 0
1158 2 10.0 8 6 3
1159 1 5.0 8 0 0
1160 0 30.0 8 7 0
1161 2 50.0 9 1 8
1162 2 30.0 9 0 0
1163 2 10.0 9 1 0
1164 0 15.0 9 2 0
1165 1 50.0 9 1 4
1166 0 15.0 9 5 0
1167 1 15.0 9 8 6
1168 0 30.0 9 2 4
1169 2 5.0 9 4 8
1170 0 5.0 9 1 3
1171 0 50.0 9 3 2
1172 0 15.0 9 1 5
1173 2 30.0 9 6 4
1174 1 30.0 9 1 0
1175 0 5.0 9 8 6
1176 1 30.0 9 6 0
1177 0 5.0 9 0 0
1178 0 30.0 9 2 0
1179 2 30.0 9 5 0
1180 0 30.0 9 0 0
1181 0 15.0 10 8 7
1182 0 30.0 10 9 2
1183 2 30.0 10 0 0
1184 0 5.0 10 7 3
1185 2 5.0 10 3 0
1186 0 15.0 10 4 0
1187 0 30.0 10 6 0
1188 2 15.0 10 5 2
1189 0 50.0 10 5 7
1190 0 50.0 10 7 6
1191 1 15.0 10 0 0
1192 2 10.0 10 0 0
1193 1 10.0 10 4 1
1194 2 30.0 10 0 0
1195 0 50.0 10 9 5
1196 1 10.0 10 8 0
1197 0 50.0 10 3 0
1198 2 50.0 10 1 0
1199 0 10.0 10 4 0
1200 0 30.0 10 2 0
1201 0 30.0 1 6 0
1202 0 5.0 1 2 0
1203 0 5.0 1 5 0
1204 0 5.0 1 0 0
1205 1 30.0 1 4 2
1206 2 5.0 1 7 0
1207 0 15.0 1 3 6
1208 1 50.0 1 0 0
1209 1 5.0 1 0 0
1210 1 10.0 1 7 3
1211 1 15.0 1 9 0
1212 0 5.0 1 8 0
1213 0 15.0 1 10 0
1214 2 30.0 1 0 0
1215 0 30.0 1 0 0
1216 1 5.0 1 4 0
1217 2 50.0 1 3 6
1218 0 30.0 1 7 4
1219 2 50.0 1 9 8
1220 0 30.0 1 0 0
1221 0 30.0 2 7 3
1222 2 50.0 2 3 1
1223 0 15.0 2 0 0
1224 2 50.0 2 0 3
1225 1 10.0 2 7 0
1226 0 30.0 2 0 0
1227 2 15.0 2 0 0
1228 0 30.0 2 1 0
1229 0 10.0 2 0 0
1230 1 50.0 2 1 0
1231 1 10.0 2 9 0
1232 1 30.0 2 10 0
1233 0 50.0 2 1 0
1234 2 50.0 2 4 6
1235 0 5.0 2 6 3
1236 1 30.0 2 8 1
1237 2 5.0 2 9 1
1238 1 5.0 2 10 0
1239 0 5.0 2 3 0
1240 2 50.0 2 0 0
1241 2 5.0 3 5 7
1242 0 5.0 3 0 0
1243 1 10.0 3 9 0
1244 2 5.0 3 0 0
1245 0 10.0 3 4 0
1246 0 15.0 3 6 0
1247 2 50.0 3 1 0
1248 0 10.0 3 5 0
1249 2 15.0 3 0 0
1250 0 50.0 3 4 0
1251 2 50.0 3 0 0
1252 0 50.0 3 0 0
1253 2 30.0 3 7 0
1254 0 10.0 3 1 0
1255 0 30.0 3 10 0
1256 1 50.0 3 6 0
1257 1 30.0 3 9 7
1258 1 5.0 3 7 0
1259 0 15.0 3 0 0
1260 2 5.0 3 10 2
1261 0 50.0 4 9 6
1262 0 15.0 4 9 3
1263 0 50.0 4 7 6
1264 0 15.0 4 0 0
1265 0 50.0 4 0 0
1266 0 5.0 4 6 0
1267 2 30.0 4 9 0
1268 0 30.0 4 0 0
1269 1 10.0 4 3 0
1270 2 15.0 4 9 0
1271 0 30.0 4 0 0
1272 1 10.0 4 2 0
1273 2 15.0 4 10 0
1274 1 50.0 4 0 0
1275 1 30.0 4 0 0
1276 2 50.0 4 7 0
1277 2 5.0 4 1 0
1278 1 50.0 4 8 6
1279 0 30.0 4 7 0
1280 0 50.0 4 1 0
1281 0 50.0 5 0 0
1282 0 50.0 5 3 0
1283 1 15.0 5 7 0
1284 0 30.0 5 0 0
1285 0 50.0 5 3 0
1286 1 50.0 5 0 0
1287 0 5.0 5 8 0
1288 0 5.0 5 1 2
1289 1 10.0 5 0 0
1290 2 10.0 5 0 0
1291 0 10.0 5 10 0
1292 1 50.0 5 4 10
1293 0 15.0 5 6 0
1294 0 10.0 5 9 0
1295 2 15.0 5 2 0
1296 0 5.0 5 6 0
1297 0 30.0 5 2 6
1298 1 5.0 5 9 0
1299 1 10.0 5 4 0
1300 0 50.0 5 6 0
1301 2 10.0 6 0 0
1302 2 15.0 6 0 0
1303 0 5.0 6 3 0
1304 2 30.0 6 0 0
1305 2 5.0 6 9 2
1306 2 50.0 6 0 0
1307 1 30.0 6 0 0
1308 0 15.0 6 0 0
1309 0 5.0 6 4 8
1310 1 30.0 6 7 0
1311 2 15.0 6 2 9
1312 0 10.0 6 4 0
1313 2 50.0 6 2 0
1314 0 15.0 6 10 0
1315 0 10.0 6 9 0
1316 2 30.0 6 3 0
1317 1 15.0 6 5 0
1318 1 50.0 6 0 0
1319 2 30.0 6 0 0
1320 0 50.0 6 4 7
1321 0 15.0 7 3 2
1322 0 10.0 7 9 3
1323 0 30.0 7 8 1
1324 0 10.0 7 1 2
1325 2 5.0 7 3 9
1326 2 30.0 7 10 5
1327 1 5.0 7 2 0
1328 0 5.0 7 0 0
1329 0 10.0 7 0 0
1330 0 5.0 7 5 4
1331 0 5.0 7 9 10
1332 1 5.0 7 3 9
1333 2 15.0 7 9 6
1334 0 30.0 7 0 0
1335 0 5.0 7 0 0
1336 0 15.0 7 3 2
1337 0 50.0 7 8 2
1338 0 30.0 7 9 0
1339 0 30.0 7 3 0
1340 2 5.0 7 2 0
1341 2 10.0 8 6 9
1342 1 10.0 8 5 1
1343 2 5.0 8 10 6
1344 0 15.0 8 1 7
1345 0 15.0 8 2 0
1346 0 10.0 8 10 4
1347 0 10.0 8 9 6
1348 2 10.0 8 0 0
1349 1 5.0 8 6 9
1350 0 30.0 8 0 0
1351 0 15.0 8 2 6
1352 0 15.0 8 6 1
1353 0 50.0 8 7 1
1354 0 10.0 8 5 4
1355 0 15.0 8 2 5
1356 0 5.0 8 1 0
1357 1 50.0 8 0 0
1358 0 10.0 8 3 2
1359 0 10.0 8 0 0
1360 0 10.0 8 0 0
1361 1 50.0 9 0 0
1362 0 30.0 9 5 0
1363 0 5.0 9 0 0
1364 1 15.0 9 0 0
1365 2 50.0 9 0 0
1366 1 15.0 9 6 0
1367 1 15.0 9 5 0
1368 1 15.0 9 2 0
1369 2 50.0 9 5 0
1370 0 10.0 9 0 0
1371 2 10.0 9 5 0
1372 2 10.0 9 1 0
1373 1 15.0 9 2 0
1374 2 50.0 9 4 0
1375 0 10.0 9 8 0
1376 0 10.0 9 10 8
1377 2 30.0 9 7 0
1378 1 30.0 9 0 0
1379 1 10.0 9 5 0
1380 0 50.0 9 3 0
1381 2 10.0 10 2 0
1382 0 15.0 10 3 0
1383 0 30.0 10 0 0
1384 2 30.0 10 0 0
1385 0 10.0 10 8 1
1386 0 5.0 10 2 4
1387 0 10.0 10 8 1
1388 0 15.0 10 0 0
1389 0 30.0 10 0 0
1390 0 5.0 10 9 7
1391 1 50.0 10 7 0
1392 2 15.0 10 0 0
1393 2 15.0 10 5 0
1394 1 5.0 10 4 2
1395 0 30.0 10 6 9
1396 1 15.0 10 7 1
1397 0 15.0 10 0 0
1398 1 10.0 10 0 0
1399 1 15.0 10 0 0
1400 1 30.0 10 1 0
1401 2 5.0 1 0 0
1402 2 10.0 1 6 0
1403 0 10.0 1 0 0
1404 0 30.0 1 0 0
1405 0 15.0 1 4 3
1406 0 50.0 1 3 0
1407 0 30.0 1 0 0
1408 0 5.0 1 9 0
1409 0 10.0 1 2 0
1410 1 10.0 1 0 0
1411 2 15.0 2 0 0
1412 2 10.0 2 8 5
1413 0 30.0 2 8 0
1414 0 15.0 2 0 0
1415 0 10.0 2 7 0
1416 1 15.0 2 7 3
1417 2 50.0 2 9 0
1418 0 50.0 2 3 0
1419 0 30.0 2 5 0
1420 2 15.0 2 1 0
1421 0 30.0 3 0 8
1422 0 30.0 3 2 0
1423 0 50.0 3 10 1
1424 1 50.0 3 7 6
1425 0 30.0 3 0 0
1426 0 5.0 3 0 0
1427 0 30.0 3 0 0
1428 2 5.0 3 0 0
1429 2 10.0 3 5 1
1430 2 5.0 3 0 0
1431 1 10.0 4 0 0
1432 0 10.0 4 0 0
1433 1 30.0 4 10 1
1434 2 5.0 4 9 0
1435 0 10.0 4 10 9
1436 1 30.0 4 2 6
1437 1 50.0 4 0 0
1438 0 5.0 4 8 3
1439 2 15.0 4 9 0
1440 2 15.0 4 8 2
1441 2 10.0 5 7 0
1442 0 15.0 5 9 0
1443 2 5.0 5 0 0
1444 0 15.0 5 10 0
1445 0 50.0 5 4 6
1446 0 10.0 5 0 0
1447 2 50.0 5 0 0
1448 0 15.0 5 1 0
1449 2 10.0 5 4 0
1450 0 15.0 5 8 0
1451 1 15.0 6 5 0
1452 2 10.0 6 5 0
1453 0 15.0 6 9 10
1454 1 15.0 6 4 0
1455 2 15.0 6 3 8
1456 2 30.0 6 0 0
1457 0 10.0 6 0 0
1458 1 5.0 6 5 3
1459 2 30.0 6 0 0
1460 0 5.0 6 7 0
1461 1 10.0 7 3 1
1462 0 30.0 7 6 2
1463 0 50.0 7 3 1
1464 0 30.0 7 2 6
1465 0 10.0 7 9 0
1466 1 50.0 7 1 0
1467 1 10.0 7 6 0
1468 0 5.0 7 0 0
1469 1 50.0 7 10 0
1470 0 30.0 7 1 0
1471 2 15.0 8 10 0
1472 0 30.0 8 2 0
1473 2 50.0 8 1 0
1474 1 30.0 8 0 0
1475 2 50.0 8 0 0
1476 1 5.0 8 1 5
1477 0 5.0 8 3 9
1478 0 15.0 8 5 3
1479 1 50.0 8 0 0
1480 0 50.0 8 6 10
1481 2 5.0 9 3 7
1482 0 5.0 9 5 8
1483 1 10.0 9 0 0
1484 0 15.0 9 6 0
1485 0 5.0 9 7 0
1486 1 15.0 9 4 0
1487 2 50.0 9 0 0
1488 0 5.0 9 6 0
1489 0 50.0 9 5 2
1490 1 5.0 9 5 0
1491 1 50.0 10 6 0
1492 0 50.0 10 9 1
1493 1 50.0 10 2 7
1494 0 30.0 10 6 0
1495 0 30.0 10 2 0
1496 0 10.0 10 8 0
1497 0 5.0 10 0 0
1498 1 30.0 10 8 6
1499 1 5.0 10 6 0
1500 1 15.0 10 0 0