200

1001 1 30.0 2 3 0
1002 0 10.0 4 1 5
1003 1 5.0 1 0 0
1004 0 50.0 2 0 0
1005 2 5.0 2 0 0
1006 0 10.0 2 0 0
1007 0 50.0 3 0 0
1008 1 30.0 4 0 0
1009 2 10.0 4 0 0
1010 1 5.0 5 0 0
1011 1 50.0 5 0 0
1012 1 10.0 5 0 0
1013 2 5.0 3 0 0
1014 1 10.0 1 0 0
1015 0 5.0 2 0 0
1016 2 50.0 3 0 0
1017 1 30.0 5 0 0
1018 0 15.0 4 0 0
1019 1 10.0 4 0 0
1020 1 5.0 5 0 0
1021 0 5.0 4 0 0
1022 1 5.0 5 0 0
1023 2 30.0 4 0 0
1024 0 5.0 2 0 0
1025 1 15.0 4 0 0
1026 2 10.0 2 0 0
1027 1 30.0 5 0 0
1028 2 5.0 4 0 0
1029 1 10.0 5 0 0
1030 1 5.0 3 0 0
1031 1 15.0 3 0 0
1032 2 15.0 4 0 0
1033 2 10.0 5 0 0
1034 0 10.0 3 0 0
1035 2 10.0 5 0 0
1036 1 5.0 5 0 0
1037 1 5.0 4 0 0
1038 2 30.0 2 0 0
1039 0 5.0 2 0 0
1040 2 10.0 3 0 0
1041 0 30.0 1 0 0
1042 1 10.0 1 0 0
1043 1 15.0 5 0 0
1044 2 30.0 5 0 0
1045 1 50.0 3 0 0
1046 0 30.0 5 0 0
1047 0 30.0 2 0 0
1048 2 5.0 5 0 0
1049 1 5.0 3 0 0
1050 1 15.0 5 3 0
1051 1 50.0 4 2 0
1052 0 10.0 4 0 0
1053 0 50.0 5 1 0
1054 2 30.0 5 2 0
1055 1 15.0 1 4 2
1056 0 15.0 4 5 0
1057 1 10.0 4 1 0
1058 1 10.0 2 3 0
1059 1 10.0 1 4 2
1060 2 50.0 5 2 4
1061 2 50.0 2 5 4
1062 0 15.0 1 3 4
1063 2 50.0 3 2 5
1064 1 30.0 5 0 0
1065 1 15.0 3 4 0
1066 2 30.0 2 5 3
1067 1 30.0 5 1 3
1068 0 5.0 1 5 4
1069 2 10.0 5 1 2
1070 0 30.0 4 1 5
1071 2 30.0 4 0 0
1072 0 15.0 4 2 5
1073 1 15.0 5 0 0
1074 0 50.0 4 0 0
1075 2 10.0 5 3 0
1076 1 5.0 5 0 0
1077 1 30.0 4 3 1
1078 0 15.0 5 3 0
1079 2 10.0 5 2 0
1080 1 5.0 1 0 0
1081 2 10.0 4 2 3
1082 0 15.0 4 3 2
1083 0 50.0 2 1 0
1084 0 5.0 1 2 3
1085 1 50.0 5 0 0
1086 0 30.0 2 5 0
1087 0 5.0 2 4 0
1088 2 15.0 5 0 0
1089 2 50.0 3 4 0
1090 0 30.0 3 4 0
1091 0 10.0 5 1 0
1092 1 15.0 1 5 0
1093 1 10.0 2 1 0
1094 1 15.0 2 1 0
1095 1 5.0 4 3 0
1096 0 10.0 4 0 0
1097 1 15.0 2 1 0
1098 1 30.0 3 5 0
1099 2 10.0 5 3 0
1100 2 10.0 5 1 0
1101 2 10.0 2 5 0
1102 1 30.0 5 4 0
1103 2 15.0 2 5 0
1104 2 50.0 2 0 0
1105 2 30.0 1 0 0
1106 0 30.0 3 5 0
1107 1 5.0 1 0 0
1108 1 5.0 4 2 0
1109 1 30.0 4 0 0
1110 0 15.0 5 4 0
1111 1 30.0 2 4 5
1112 1 5.0 3 0 0
1113 1 30.0 4 3 5
1114 2 5.0 4 1 2
1115 2 30.0 2 4 5
1116 0 30.0 5 3 1
1117 0 15.0 3 4 2
1118 2 50.0 4 0 0
1119 0 50.0 4 3 2
1120 2 15.0 1 4 2
1121 2 5.0 5 0 0
1122 1 30.0 5 3 4
1123 1 5.0 2 1 5
1124 1 10.0 5 4 3
1125 2 50.0 2 1 5
1126 2 50.0 3 0 0
1127 0 10.0 2 1 3
1128 2 10.0 1 5 0
1129 0 15.0 3 5 0
1130 1 30.0 5 2 0
1131 2 5.0 4 5 0
1132 1 5.0 3 0 0
1133 1 15.0 4 3 0
1134 2 30.0 4 5 0
1135 0 5.0 3 0 0
1136 2 5.0 5 4 0
1137 2 15.0 4 5 0
1138 0 15.0 1 4 0
1139 2 50.0 3 4 0
1140 2 50.0 4 2 0
1141 2 15.0 4 3 0
1142 1 15.0 2 1 0
1143 0 30.0 2 4 0
1144 0 5.0 1 2 0
1145 1 10.0 5 4 0
1146 0 5.0 5 4 0
1147 0 50.0 2 3 0
1148 1 50.0 3 0 0
1149 0 50.0 2 3 0
1150 0 50.0 2 0 0
1151 1 5.0 2 0 0
1152 1 50.0 4 0 0
1153 1 50.0 2 3 0
1154 1 30.0 3 4 0
1155 2 50.0 3 5 0
1156 0 15.0 1 0 0
1157 1 10.0 1 4 0
1158 2 50.0 5 4 0
1159 1 50.0 3 1 0
1160 2 5.0 4 5 0
1161 2 30.0 5 1 0
1162 2 5.0 4 2 0
1163 1 50.0 3 4 0
1164 2 5.0 3 1 0
1165 1 5.0 4 5 0
1166 1 50.0 5 0 0
1167 2 30.0 3 5 0
1168 2 5.0 1 3 0
1169 2 50.0 4 5 0
1170 0 5.0 5 0 0
1171 2 50.0 2 0 0
1172 0 30.0 2 4 0
1173 1 5.0 1 0 0
1174 1 30.0 4 0 0
1175 2 15.0 3 1 0
1176 1 50.0 5 4 0
1177 1 10.0 4 1 0
1178 0 50.0 3 1 0
1179 2 15.0 4 3 2
1180 2 5.0 4 2 5
1181 1 50.0 2 0 0
1182 1 5.0 2 1 5
1183 0 10.0 4 0 0
1184 1 30.0 1 2 5
1185 1 50.0 1 2 5
1186 0 30.0 3 5 1
1187 0 15.0 5 2 1
1188 2 30.0 1 4 0
1189 1 15.0 1 2 4
1190 1 15.0 5 4 0
1191 1 15.0 3 2 1
1192 0 50.0 2 4 3
1193 2 5.0 4 0 0
1194 1 15.0 2 0 0
1195 2 30.0 2 3 5
1196 1 50.0 1 5 3
1197 0 30.0 3 2 1
1198 1 30.0 2 1 5
1199 2 15.0 1 2 5
1200 2 15.0 5 2 4