200

1001 0 10.0 3 1 2
1002 0 10.0 1 5 0
1003 1 30.0 4 5 2
1004 2 5.0 2 1 3
1005 1 30.0 3 0 0
1006 2 5.0 4 0 0
1007 2 30.0 2 0 0
1008 1 15.0 4 0 0
1009 0 10.0 3 0 0
1010 2 5.0 3 0 0
1011 0 15.0 1 0 0
1012 2 50.0 3 0 0
1013 1 5.0 2 0 0
1014 1 30.0 5 0 0
1015 2 15.0 5 0 0
1016 1 5.0 2 0 0
1017 0 30.0 4 0 0
1018 2 10.0 3 0 0
1019 2 15.0 5 0 0
1020 0 5.0 1 0 0
1021 0 5.0 4 0 0
1022 2 15.0 2 0 0
1023 0 5.0 5 0 0
1024 2 10.0 1 0 0
1025 2 30.0 2 0 0
1026 0 15.0 1 0 0
1027 2 30.0 4 0 0
1028 2 5.0 2 0 0
1029 2 15.0 1 0 0
1030 0 30.0 1 0 0
1031 0 30.0 1 0 0
1032 2 5.0 5 0 0
1033 0 50.0 3 0 0
1034 1 15.0 4 0 0
1035 2 15.0 4 0 0
1036 0 5.0 4 0 0
1037 0 30.0 4 1 0
1038 2 10.0 2 5 0
1039 1 10.0 5 3 0
1040 0 50.0 1 5 0
1041 0 10.0 2 5 0
1042 0 30.0 4 1 0
1043 0 15.0 3 4 0
1044 0 5.0 1 5 0
1045 0 30.0 3 0 0
1046 2 10.0 5 3 0
1047 0 10.0 3 2 0
1048 1 5.0 3 2 0
1049 0 10.0 1 0 0
1050 2 30.0 3 0 0
1051 0 15.0 4 0 0
1052 2 30.0 4 0 0
1053 2 5.0 5 0 0
1054 0 10.0 3 0 0
1055 1 10.0 3 0 0
1056 0 30.0 4 0 0
1057 1 5.0 3 0 0
1058 0 30.0 5 0 0
1059 1 10.0 1 0 0
1060 2 30.0 2 0 0
1061 2 50.0 1 5 0
1062 2 30.0 2 5 0
1063 1 5.0 5 0 0
1064 0 30.0 5 3 0
1065 1 10.0 2 0 0
1066 2 10.0 2 5 0
1067 0 10.0 4 0 0
1068 0 30.0 3 1 0
1069 2 15.0 4 0 0
1070 0 15.0 3 2 0
1071 2 50.0 2 0 0
1072 1 50.0 3 0 0
1073 0 5.0 5 1 0
1074 0 50.0 3 4 0
1075 2 5.0 3 2 0
1076 2 10.0 2 4 0
1077 2 15.0 3 0 0
1078 1 5.0 1 3 0
1079 0 10.0 1 0 0
1080 2 10.0 2 0 0
1081 1 30.0 1 0 0
1082 0 50.0 4 3 0
1083 1 30.0 1 0 0
1084 0 50.0 4 5 0
1085 1 30.0 4 2 0
1086 0 10.0 5 4 0
1087 2 50.0 5 3 0
1088 1 50.0 2 0 0
1089 2 10.0 2 0 0
1090 0 5.0 5 0 0
1091 1 30.0 3 0 0
1092 1 30.0 1 0 0
1093 0 10.0 1 0 0
1094 2 10.0 3 0 0
1095 1 15.0 4 0 0
1096 2 15.0 5 1 0
1097 2 10.0 3 0 0
1098 1 10.0 5 1 0
1099 2 10.0 3 0 0
1100 2 10.0 2 4 0
1101 1 15.0 1 2 3
1102 1 50.0 2 3 4
1103 2 30.0 5 3 1
1104 1 50.0 5 3 0
1105 1 15.0 3 2 4
1106 1 50.0 5 1 2
1107 2 15.0 3 0 0
1108 1 5.0 3 4 0
1109 2 10.0 2 3 4
1110 1 50.0 5 0 0
1111 1 15.0 3 1 2
1112 2 50.0 1 5 3
1113 0 15.0 4 1 5
1114 0 10.0 1 0 0
1115 0 30.0 3 2 1
1116 2 15.0 5 0 0
1117 1 15.0 4 2 5
1118 0 10.0 4 5 1
1119 2 30.0 5 0 0
1120 0 30.0 2 0 0
1121 2 5.0 2 0 0
1122 0 5.0 3 0 0
1123 2 5.0 3 0 0
1124 2 30.0 4 0 0
1125 0 50.0 1 0 0
1126 0 10.0 5 0 0
1127 0 50.0 5 0 0
1128 2 15.0 2 0 0
1129 1 5.0 5 0 0
1130 2 30.0 4 0 0
1131 0 5.0 4 0 0
1132 1 15.0 3 0 0
1133 0 50.0 1 0 0
1134 2 15.0 1 4 5
1135 1 30.0 4 3 5
1136 0 15.0 4 1 0
1137 1 10.0 5 3 2
1138 0 5.0 2 3 1
1139 1 30.0 4 5 1
1140 2 10.0 1 4 2
1141 1 10.0 2 1 5
1142 0 5.0 5 1 0
1143 0 30.0 2 3 1
1144 1 50.0 2 4 5
1145 1 5.0 3 1 4
1146 0 10.0 2 4 5
1147 1 10.0 4 1 3
1148 2 50.0 4 0 0
1149 1 15.0 1 0 0
1150 2 50.0 3 4 5
1151 2 10.0 1 5 4
1152 2 30.0 4 1 5
1153 0 5.0 1 5 3
1154 0 15.0 5 4 1
1155 0 5.0 4 2 3
1156 2 10.0 3 2 0
1157 2 15.0 3 5 0
1158 2 15.0 5 0 0
1159 0 15.0 2 1 5
1160 0 10.0 2 4 3
1161 2 10.0 4 1 0
1162 1 30.0 4 5 2
1163 2 5.0 4 3 0
1164 2 30.0 1 2 3
1165 1 15.0 4 5 2
1166 2 50.0 3 2 4
1167 0 30.0 5 0 0
1168 2 10.0 5 1 3
1169 1 5.0 1 5 4
1170 1 50.0 2 0 0
1171 1 30.0 5 2 4
1172 0 5.0 1 2 0
1173 1 30.0 3 0 0
1174 2 30.0 2 4 3
1175 2 15.0 1 5 4
1176 0 30.0 3 4 0
1177 1 10.0 3 1 5
1178 0 30.0 3 0 0
1179 0 15.0 2 5 0
1180 1 50.0 2 5 1
1181 0 5.0 3 5 2
1182 0 5.0 3 1 2
1183 0 30.0 3 5 4
1184 2 5.0 3 0 0
1185 1 5.0 4 3 1
1186 1 15.0 4 2 5
1187 1 5.0 5 0 0
1188 0 30.0 2 1 3
1189 2 50.0 1 0 0
1190 1 15.0 4 3 5
1191 2 30.0 4 3 1
1192 0 50.0 4 0 0
1193 1 10.0 5 3 2
1194 1 5.0 4 3 0
1195 2 50.0 1 3 2
1196 2 5.0 5 1 0
1197 0 5.0 5 2 1
1198 1 10.0 4 0 0
1199 2 50.0 3 5 0
1200 1 50.0 3 5 4