200

1001 0 50.0 1 2 3
1002 2 50.0 1 5 0
1003 0 5.0 1 0 0
1004 1 5.0 1 3 5
1005 0 15.0 1 0 0
1006 0 10.0 1 3 0
1007 0 50.0 1 3 0
1008 0 30.0 1 3 4
1009 2 5.0 1 4 0
1010 0 15.0 1 2 0
1011 0 10.0 1 2 0
1012 2 30.0 1 4 0
1013 0 5.0 1 0 0
1014 0 5.0 1 2 4
1015 0 50.0 1 2 0
1016 0 15.0 1 3 2
1017 0 30.0 1 3 0
1018 0 10.0 1 0 0
1019 2 10.0 1 5 0
1020 1 5.0 1 4 0
1021 0 10.0 1 3 0
1022 0 30.0 1 5 0
1023 0 50.0 1 4 0
1024 2 5.0 1 0 0
1025 0 50.0 1 4 5
1026 0 15.0 1 2 0
1027 0 30.0 1 5 0
1028 0 5.0 1 3 0
1029 2 15.0 1 5 0
1030 1 30.0 1 2 5
1031 0 15.0 1 0 0
1032 1 50.0 1 2 0
1033 0 30.0 1 4 0
1034 1 15.0 1 3 5
1035 0 10.0 1 3 0
1036 0 50.0 1 0 0
1037 1 10.0 1 0 0
1038 0 5.0 1 2 4
1039 0 50.0 1 2 0
1040 0 10.0 1 4 0
1041 0 5.0 2 3 0
1042 1 10.0 2 0 0
1043 0 15.0 2 0 0
1044 0 50.0 2 3 0
1045 2 30.0 2 4 3
1046 1 15.0 2 1 4
1047 0 15.0 2 1 0
1048 0 50.0 2 3 0
1049 2 5.0 2 3 0
1050 0 10.0 2 5 1
1051 1 10.0 2 1 5
1052 0 5.0 2 4 1
1053 0 5.0 2 3 1
1054 0 50.0 2 4 5
1055 1 5.0 2 3 5
1056 2 30.0 2 0 0
1057 0 5.0 2 3 0
1058 1 5.0 2 1 5
1059 1 10.0 2 4 5
1060 0 30.0 2 3 4
1061 2 10.0 2 1 0
1062 0 30.0 2 4 1
1063 0 10.0 2 0 0
1064 2 50.0 2 3 0
1065 0 15.0 2 1 5
1066 0 5.0 2 4 0
1067 0 50.0 2 3 0
1068 1 30.0 2 0 0
1069 0 50.0 2 0 0
1070 1 5.0 2 5 0
1071 2 30.0 2 1 0
1072 1 10.0 2 5 0
1073 0 5.0 2 5 0
1074 0 50.0 2 0 0
1075 1 50.0 2 4 5
1076 0 5.0 2 1 0
1077 0 15.0 2 4 0
1078 1 10.0 2 4 1
1079 1 15.0 2 0 0
1080 0 15.0 2 0 0
1081 2 10.0 3 0 0
1082 1 50.0 3 0 0
1083 0 15.0 3 0 0
1084 0 30.0 3 0 0
1085 0 10.0 3 0 0
1086 2 10.0 3 0 0
1087 1 30.0 3 5 0
1088 0 50.0 3 0 0
1089 0 5.0 3 0 0
1090 0 5.0 3 0 0
1091 2 10.0 3 0 0
1092 0 50.0 3 0 0
1093 0 15.0 3 0 0
1094 1 30.0 3 0 0
1095 0 15.0 3 0 0
1096 2 5.0 3 0 0
1097 1 5.0 3 0 0
1098 2 50.0 3 2 0
1099 0 5.0 3 0 0
1100 1 10.0 3 0 0
1101 1 15.0 3 1 0
1102 1 10.0 3 0 0
1103 2 5.0 3 0 0
1104 1 30.0 3 0 0
1105 0 30.0 3 0 0
1106 2 30.0 3 0 0
1107 2 10.0 3 0 0
1108 0 10.0 3 0 0
1109 1 10.0 3 0 0
1110 1 10.0 3 0 0
1111 0 50.0 3 0 0
1112 1 15.0 3 0 0
1113 2 50.0 3 0 0
1114 2 30.0 3 0 0
1115 0 15.0 3 0 0
1116 0 30.0 3 0 0
1117 0 5.0 3 0 0
1118 0 50.0 3 0 0
1119 1 50.0 3 0 0
1120 2 10.0 3 0 0
1121 2 30.0 4 0 0
1122 2 50.0 4 0 0
1123 1 10.0 4 0 0
1124 1 15.0 4 0 0
1125 1 5.0 4 0 0
1126 1 50.0 4 0 0
1127 2 5.0 4 0 0
1128 0 15.0 4 1 0
1129 2 15.0 4 0 0
1130 2 10.0 4 5 0
1131 1 5.0 4 3 0
1132 2 30.0 4 0 0
1133 0 50.0 4 1 0
1134 2 30.0 4 2 0
1135 2 50.0 4 0 0
1136 2 15.0 4 2 1
1137 0 30.0 4 3 5
1138 1 30.0 4 1 2
1139 2 5.0 4 0 0
1140 2 10.0 4 1 5
1141 0 15.0 4 5 0
1142 0 30.0 4 5 3
1143 1 50.0 4 5 3
1144 0 15.0 4 1 2
1145 0 10.0 4 1 2
1146 1 50.0 4 5 2
1147 0 30.0 4 1 2
1148 0 30.0 4 5 3
1149 1 5.0 4 2 0
1150 1 50.0 4 0 0
1151 0 10.0 4 5 2
1152 2 15.0 4 5 2
1153 0 30.0 4 0 0
1154 2 15.0 4 1 5
1155 0 30.0 4 1 0
1156 1 10.0 4 3 0
1157 2 15.0 4 0 0
1158 0 50.0 4 2 3
1159 1 50.0 4 0 0
1160 0 10.0 4 0 0
1161 1 30.0 5 0 0
1162 1 15.0 5 0 0
1163 2 15.0 5 0 0
1164 2 15.0 5 2 1
1165 2 15.0 5 2 3
1166 1 15.0 5 2 4
1167 0 10.0 5 4 2
1168 2 50.0 5 2 0
1169 0 10.0 5 4 1
1170 2 30.0 5 2 0
1171 0 50.0 5 3 0
1172 0 30.0 5 0 0
1173 0 5.0 5 0 0
1174 0 15.0 5 4 3
1175 2 5.0 5 2 4
1176 2 50.0 5 1 0
1177 0 5.0 5 4 1
1178 0 15.0 5 0 0
1179 2 10.0 5 1 2
1180 1 5.0 5 1 2
1181 0 30.0 5 3 0
1182 0 50.0 5 1 3
1183 2 15.0 5 3 2
1184 0 5.0 5 4 3
1185 2 5.0 5 0 0
1186 1 50.0 5 2 1
1187 0 15.0 5 0 0
1188 1 30.0 5 0 0
1189 1 30.0 5 2 4
1190 0 10.0 5 3 4
1191 1 5.0 5 3 2
1192 0 15.0 5 1 2
1193 0 30.0 5 3 0
1194 2 50.0 5 0 0
1195 2 15.0 5 2 3
1196 0 10.0 5 4 0
1197 0 30.0 5 4 0
1198 2 5.0 5 3 4
1199 0 30.0 5 2 4
1200 0 10.0 5 4 0