200

1001 1 30.0 1 0 0
1002 0 5.0 1 4 2
1003 1 15.0 1 5 0
1004 1 10.0 1 0 0
1005 1 50.0 1 2 4
1006 0 15.0 1 0 0
1007 0 30.0 1 0 0
1008 0 5.0 1 0 0
1009 0 15.0 1 0 0
1010 0 50.0 1 0 0
1011 0 10.0 1 0 0
1012 0 15.0 1 0 0
1013 2 15.0 1 0 0
1014 2 5.0 1 3 2
1015 0 50.0 1 3 0
1016 0 15.0 1 0 0
1017 1 30.0 1 0 0
1018 1 50.0 1 3 0
1019 0 10.0 1 3 4
1020 0 5.0 1 5 0
1021 0 10.0 1 5 0
1022 0 15.0 1 0 0
1023 2 15.0 1 0 0
1024 1 50.0 1 0 0
1025 0 50.0 1 0 0
1026 0 50.0 1 4 2
1027 0 30.0 1 5 0
1028 0 10.0 1 4 0
1029 1 10.0 1 3 0
1030 1 5.0 1 2 0
1031 0 5.0 1 4 0
1032 1 30.0 1 4 0
1033 0 50.0 1 0 0
1034 0 30.0 1 0 0
1035 1 10.0 1 0 0
1036 2 30.0 1 0 0
1037 0 15.0 1 0 0
1038 0 30.0 1 5 0
1039 2 30.0 1 4 0
1040 1 30.0 1 4 0
1041 0 10.0 2 1 5
1042 0 10.0 2 1 0
1043 1 5.0 2 1 0
1044 1 5.0 2 0 0
1045 2 15.0 2 0 0
1046 1 10.0 2 0 0
1047 1 50.0 2 0 0
1048 2 30.0 2 0 0
1049 0 50.0 2 0 0
1050 0 10.0 2 0 0
1051 0 15.0 2 0 0
1052 0 30.0 2 0 0
1053 1 30.0 2 0 0
1054 2 15.0 2 0 0
1055 1 5.0 2 4 0
1056 1 5.0 2 0 0
1057 1 10.0 2 4 1
1058 1 30.0 2 5 3
1059 1 30.0 2 0 0
1060 1 5.0 2 0 0
1061 1 50.0 2 0 0
1062 1 30.0 2 0 0
1063 0 15.0 2 0 0
1064 2 30.0 2 0 0
1065 2 5.0 2 0 0
1066 0 10.0 2 0 0
1067 2 10.0 2 0 0
1068 0 10.0 2 0 0
1069 1 15.0 2 0 0
1070 1 15.0 2 0 0
1071 0 10.0 2 0 0
1072 1 10.0 2 0 0
1073 0 30.0 2 0 0
1074 1 10.0 2 0 0
1075 2 30.0 2 0 0
1076 2 50.0 2 0 0
1077 0 10.0 2 0 0
1078 0 50.0 2 0 0
1079 2 30.0 2 0 0
1080 1 5.0 2 0 0
1081 2 15.0 3 0 0
1082 1 15.0 3 0 0
1083 2 50.0 3 0 0
1084 1 5.0 3 0 0
1085 2 5.0 3 0 0
1086 0 30.0 3 0 0
1087 1 50.0 3 0 0
1088 0 50.0 3 0 0
1089 2 50.0 3 0 0
1090 1 15.0 3 0 0
1091 1 50.0 3 0 0
1092 0 50.0 3 0 4
1093 1 30.0 3 0 2
1094 0 30.0 3 0 0
1095 2 5.0 3 0 0
1096 0 15.0 3 0 0
1097 1 30.0 3 0 0
1098 0 50.0 3 0 0
1099 0 50.0 3 0 0
1100 0 15.0 3 0 0
1101 1 10.0 3 0 0
1102 0 15.0 3 0 0
1103 0 50.0 3 0 0
1104 1 30.0 3 0 0
1105 1 5.0 3 0 0
1106 0 15.0 3 0 0
1107 2 10.0 3 0 0
1108 1 10.0 3 0 0
1109 1 5.0 3 0 0
1110 0 30.0 3 0 0
1111 2 30.0 3 0 0
1112 1 10.0 3 0 0
1113 0 10.0 3 0 0
1114 2 5.0 3 0 0
1115 0 10.0 3 0 0
1116 2 10.0 3 0 0
1117 0 5.0 3 4 1
1118 2 5.0 3 0 0
1119 2 50.0 3 0 0
1120 1 10.0 3 0 0
1121 0 15.0 4 0 0
1122 1 50.0 4 0 0
1123 1 30.0 4 0 0
1124 2 5.0 4 5 3
1125 1 30.0 4 1 0
1126 0 5.0 4 0 0
1127 1 50.0 4 0 0
1128 0 5.0 4 0 0
1129 0 10.0 4 0 0
1130 1 10.0 4 0 0
1131 1 5.0 4 0 0
1132 2 5.0 4 0 0
1133 2 30.0 4 0 0
1134 0 5.0 4 0 0
1135 1 15.0 4 0 0
1136 1 50.0 4 0 0
1137 0 50.0 4 0 0
1138 1 5.0 4 0 0
1139 1 30.0 4 0 0
1140 1 15.0 4 0 0
1141 1 30.0 4 0 0
1142 0 5.0 4 0 0
1143 2 5.0 4 0 0
1144 2 5.0 4 0 0
1145 2 5.0 4 0 0
1146 2 10.0 4 0 0
1147 2 15.0 4 0 0
1148 0 15.0 4 0 0
1149 0 50.0 4 0 0
1150 0 30.0 4 0 0
1151 1 5.0 4 0 0
1152 1 5.0 4 0 0
1153 1 15.0 4 0 0
1154 1 5.0 4 0 0
1155 0 30.0 4 0 0
1156 2 15.0 4 0 0
1157 1 50.0 4 0 0
1158 2 15.0 4 2 0
1159 0 15.0 4 2 0
1160 0 10.0 4 1 0
1161 1 10.0 5 3 0
1162 0 10.0 5 2 0
1163 0 5.0 5 2 0
1164 2 5.0 5 3 0
1165 1 15.0 5 2 0
1166 2 15.0 5 1 0
1167 1 15.0 5 1 0
1168 2 50.0 5 2 0
1169 1 10.0 5 3 0
1170 1 30.0 5 0 0
1171 0 50.0 5 0 0
1172 1 10.0 5 2 0
1173 0 30.0 5 0 0
1174 1 50.0 5 1 0
1175 1 50.0 5 0 0
1176 2 5.0 5 2 0
1177 1 10.0 5 0 0
1178 1 50.0 5 4 0
1179 0 30.0 5 2 0
1180 1 15.0 5 1 0
1181 1 10.0 5 0 0
1182 0 15.0 5 2 0
1183 0 10.0 5 0 0
1184 0 50.0 5 3 4
1185 0 50.0 5 3 4
1186 0 5.0 5 1 0
1187 2 50.0 5 2 0
1188 1 30.0 5 0 0
1189 1 10.0 5 3 4
1190 0 15.0 5 0 0
1191 0 30.0 5 4 2
1192 0 50.0 5 1 4
1193 0 15.0 5 3 2
1194 1 50.0 5 3 1
1195 1 5.0 5 3 0
1196 1 10.0 5 0 0
1197 1 50.0 5 0 0
1198 0 15.0 5 1 0
1199 0 15.0 5 4 1
1200 1 30.0 5 1 0