200

1001 2 5.0 1 3 14
1002 0 30.0 1 0 0
1003 0 10.0 1 0 0
1004 1 15.0 1 3 0
1005 2 15.0 1 10 0
1006 1 50.0 1 0 0
1007 1 30.0 1 16 3
1008 0 30.0 1 12 6
1009 0 15.0 1 0 0
1010 0 30.0 1 8 0
1011 0 10.0 2 7 0
1012 0 30.0 2 17 0
1013 2 10.0 2 0 0
1014 0 15.0 2 10 0
1015 1 10.0 2 14 0
1016 2 50.0 2 0 0
1017 1 50.0 2 11 0
1018 0 30.0 2 8 14
1019 1 50.0 2 19 15
1020 2 30.0 2 6 4
1021 2 15.0 3 11 0
1022 1 15.0 3 6 1
1023 1 50.0 3 0 0
1024 0 15.0 3 0 0
1025 1 50.0 3 9 0
1026 1 30.0 3 9 0
1027 0 5.0 3 14 0
1028 2 30.0 3 15 0
1029 2 50.0 3 15 0
1030 0 10.0 3 14 0
1031 2 30.0 4 14 13
1032 2 10.0 4 3 7
1033 0 15.0 4 16 2
1034 1 30.0 4 20 7
1035 0 50.0 4 18 12
1036 0 50.0 4 2 8
1037 1 50.0 4 3 9
1038 1 50.0 4 7 5
1039 0 50.0 4 15 5
1040 0 10.0 4 14 0
1041 0 30.0 5 20 0
1042 2 50.0 5 11 0
1043 0 30.0 5 0 0
1044 0 5.0 5 0 0
1045 0 10.0 5 9 20
1046 0 10.0 5 20 19
1047 0 10.0 5 0 0
1048 0 15.0 5 14 0
1049 2 50.0 5 0 0
1050 0 15.0 5 0 0
1051 0 10.0 6 0 0
1052 0 15.0 6 17 0
1053 0 10.0 6 0 0
1054 1 5.0 6 3 7
1055 0 50.0 6 0 0
1056 1 30.0 6 3 4
1057 0 15.0 6 4 13
1058 0 5.0 6 0 0
1059 2 10.0 6 4 0
1060 1 50.0 6 8 0
1061 2 15.0 7 20 0
1062 0 10.0 7 0 0
1063 1 15.0 7 0 0
1064 1 10.0 7 8 0
1065 2 10.0 7 0 0
1066 1 5.0 7 0 0
1067 0 50.0 7 0 0
1068 1 5.0 7 0 0
1069 0 10.0 7 11 12
1070 0 10.0 7 1 2
1071 2 15.0 8 0 0
1072 0 30.0 8 17 16
1073 0 5.0 8 15 13
1074 0 10.0 8 10 0
1075 0 50.0 8 4 16
1076 1 30.0 8 3 0
1077 0 50.0 8 0 0
1078 1 5.0 8 20 0
1079 0 5.0 8 10 0
1080 1 15.0 8 0 0
1081 0 15.0 9 17 12
1082 2 10.0 9 18 2
1083 2 15.0 9 4 3
1084 0 5.0 9 13 0
1085 0 15.0 9 18 0
1086 2 15.0 9 4 0
1087 2 5.0 9 3 0
1088 1 15.0 9 11 0
1089 1 30.0 9 6 0
1090 2 10.0 9 18 0
1091 0 5.0 10 2 0
1092 1 5.0 10 0 0
1093 0 10.0 10 0 0
1094 2 10.0 10 12 13
1095 2 15.0 10 3 0
1096 0 30.0 10 0 0
1097 1 30.0 10 0 0
1098 0 30.0 10 0 0
1099 2 30.0 10 17 0
1100 1 50.0 10 1 0
1101 0 30.0 11 9 0
1102 0 5.0 11 18 0
1103 1 15.0 11 2 0
1104 1 30.0 11 20 8
1105 0 50.0 11 0 0
1106 1 5.0 11 1 0
1107 2 5.0 11 7 0
1108 0 15.0 11 19 0
1109 0 10.0 11 4 0
1110 2 50.0 11 8 0
1111 2 15.0 12 0 0
1112 2 50.0 12 0 0
1113 2 30.0 12 11 0
1114 0 5.0 12 9 1
1115 1 5.0 12 8 0
1116 1 50.0 12 3 0
1117 2 50.0 12 10 0
1118 0 50.0 12 9 0
1119 0 15.0 12 0 0
1120 0 5.0 12 10 0
1121 0 5.0 13 17 3
1122 0 5.0 13 14 20
1123 2 5.0 13 12 0
1124 2 5.0 13 0 0
1125 1 10.0 13 0 0
1126 0 10.0 13 2 0
1127 0 10.0 13 0 0
1128 0 30.0 13 7 0
1129 2 30.0 13 0 0
1130 1 5.0 13 19 3
1131 0 30.0 14 4 8
1132 2 15.0 14 3 8
1133 0 50.0 14 0 0
1134 2 10.0 14 9 0
1135 2 10.0 14 5 0
1136 0 5.0 14 17 0
1137 0 10.0 14 0 0
1138 1 50.0 14 11 1
1139 2 5.0 14 3 8
1140 1 15.0 14 15 0
1141 1 30.0 15 4 1
1142 2 50.0 15 13 0
1143 1 10.0 15 3 0
1144 0 30.0 15 0 0
1145 0 30.0 15 0 0
1146 0 50.0 15 10 5
1147 2 5.0 15 16 7
1148 1 5.0 15 8 0
1149 2 50.0 15 16 2
1150 0 50.0 15 4 0
1151 0 15.0 16 0 0
1152 0 50.0 16 0 0
1153 1 10.0 16 0 0
1154 0 10.0 16 5 9
1155 1 50.0 16 14 19
1156 1 30.0 16 7 19
1157 1 50.0 16 10 2
1158 0 30.0 16 14 0
1159 1 5.0 16 0 0
1160 0 15.0 16 0 17
1161 0 30.0 17 2 5
1162 0 15.0 17 0 0
1163 2 5.0 17 0 0
1164 0 30.0 17 10 1
1165 0 50.0 17 5 3
1166 0 10.0 17 19 0
1167 1 30.0 17 0 0
1168 0 5.0 17 0 0
1169 1 50.0 17 0 0
1170 0 30.0 17 9 0
1171 1 50.0 18 14 0
1172 2 50.0 18 15 0
1173 0 15.0 18 1 0
1174 0 5.0 18 10 20
1175 1 15.0 18 5 7
1176 0 15.0 18 5 8
1177 0 5.0 18 14 9
1178 0 10.0 18 9 0
1179 0 15.0 18 13 12
1180 0 10.0 18 14 3
1181 0 15.0 19 9 0
1182 2 30.0 19 7 8
1183 0 15.0 19 3 0
1184 1 30.0 19 0 0
1185 2 15.0 19 0 0
1186 2 5.0 19 0 0
1187 0 30.0 19 12 0
1188 2 10.0 19 9 0
1189 0 5.0 19 20 0
1190 0 5.0 19 7 10
1191 0 5.0 20 18 1
1192 2 5.0 20 18 0
1193 2 5.0 20 0 0
1194 0 15.0 20 0 0
1195 0 50.0 20 16 0
1196 0 10.0 20 6 0
1197 2 10.0 20 0 0
1198 0 15.0 20 0 0
1199 2 10.0 20 13 0
1200 0 30.0 20 11 0