400

1001 2 5.0 1 3 14
1002 0 30.0 1 0 0
1003 0 10.0 1 0 0
1004 1 15.0 1 3 0
1005 2 15.0 1 10 0
1006 1 50.0 1 0 0
1007 1 30.0 1 16 3
1008 0 30.0 1 12 6
1009 0 15.0 1 0 0
1010 0 30.0 1 8 0
1011 0 10.0 2 7 0
1012 0 30.0 2 17 0
1013 2 10.0 2 0 0
1014 0 15.0 2 10 0
1015 1 10.0 2 14 0
1016 2 50.0 2 0 0
1017 1 50.0 2 11 0
1018 0 30.0 2 8 14
1019 1 50.0 2 19 15
1020 2 30.0 2 6 4
1021 2 15.0 3 11 0
1022 1 15.0 3 6 1
1023 1 50.0 3 0 0
1024 0 15.0 3 0 0
1025 1 50.0 3 9 0
1026 1 30.0 3 9 0
1027 0 5.0 3 14 0
1028 2 30.0 3 15 0
1029 2 50.0 3 15 0
1030 0 10.0 3 14 0
1031 2 30.0 4 14 13
1032 2 10.0 4 3 7
1033 0 15.0 4 16 2
1034 1 30.0 4 20 7
1035 0 50.0 4 18 12
1036 0 50.0 4 2 8
1037 1 50.0 4 3 9
1038 1 50.0 4 7 5
1039 0 50.0 4 15 5
1040 0 10.0 4 14 0
1041 0 30.0 5 20 0
1042 2 50.0 5 11 0
1043 0 30.0 5 0 0
1044 0 5.0 5 0 0
1045 0 10.0 5 9 20
1046 0 10.0 5 20 19
1047 0 10.0 5 0 0
1048 0 15.0 5 14 0
1049 2 50.0 5 0 0
1050 0 15.0 5 0 0
1051 0 10.0 6 0 0
1052 0 15.0 6 17 0
1053 0 10.0 6 0 0
1054 1 5.0 6 3 7
1055 0 50.0 6 0 0
1056 1 30.0 6 3 4
1057 0 15.0 6 4 13
1058 0 5.0 6 0 0
1059 2 10.0 6 4 0
1060 1 50.0 6 8 0
1061 2 15.0 7 20 0
1062 0 10.0 7 0 0
1063 1 15.0 7 0 0
1064 1 10.0 7 8 0
1065 2 10.0 7 0 0
1066 1 5.0 7 0 0
1067 0 50.0 7 0 0
1068 1 5.0 7 0 0
1069 0 10.0 7 11 12
1070 0 10.0 7 1 2
1071 2 15.0 8 0 0
1072 0 30.0 8 17 16
1073 0 5.0 8 15 13
1074 0 10.0 8 10 0
1075 0 50.0 8 4 16
1076 1 30.0 8 3 0
1077 0 50.0 8 0 0
1078 1 5.0 8 20 0
1079 0 5.0 8 10 0
1080 1 15.0 8 0 0
1081 0 15.0 9 17 12
1082 2 10.0 9 18 2
1083 2 15.0 9 4 3
1084 0 5.0 9 13 0
1085 0 15.0 9 18 0
1086 2 15.0 9 4 0
1087 2 5.0 9 3 0
1088 1 15.0 9 11 0
1089 1 30.0 9 6 0
1090 2 10.0 9 18 0
1091 0 5.0 10 2 0
1092 1 5.0 10 0 0
1093 0 10.0 10 0 0
1094 2 10.0 10 12 13
1095 2 15.0 10 3 0
1096 0 30.0 10 0 0
1097 1 30.0 10 0 0
1098 0 30.0 10 0 0
1099 2 30.0 10 17 0
1100 1 50.0 10 1 0
1101 0 30.0 11 9 0
1102 0 5.0 11 18 0
1103 1 15.0 11 2 0
1104 1 30.0 11 20 8
1105 0 50.0 11 0 0
1106 1 5.0 11 1 0
1107 2 5.0 11 7 0
1108 0 15.0 11 19 0
1109 0 10.0 11 4 0
1110 2 50.0 11 8 0
1111 2 15.0 12 0 0
1112 2 50.0 12 0 0
1113 2 30.0 12 11 0
1114 0 5.0 12 9 1
1115 1 5.0 12 8 0
1116 1 50.0 12 3 0
1117 2 50.0 12 10 0
1118 0 50.0 12 9 0
1119 0 15.0 12 0 0
1120 0 5.0 12 10 0
1121 0 5.0 13 17 3
1122 0 5.0 13 14 20
1123 2 5.0 13 12 0
1124 2 5.0 13 0 0
1125 1 10.0 13 0 0
1126 0 10.0 13 2 0
1127 0 10.0 13 0 0
1128 0 30.0 13 7 0
1129 2 30.0 13 0 0
1130 1 5.0 13 19 3
1131 0 30.0 14 4 8
1132 2 15.0 14 3 8
1133 0 50.0 14 0 0
1134 2 10.0 14 9 0
1135 2 10.0 14 5 0
1136 0 5.0 14 17 0
1137 0 10.0 14 0 0
1138 1 50.0 14 11 1
1139 2 5.0 14 3 8
1140 1 15.0 14 15 0
1141 1 30.0 15 4 1
1142 2 50.0 15 13 0
1143 1 10.0 15 3 0
1144 0 30.0 15 0 0
1145 0 30.0 15 0 0
1146 0 50.0 15 10 5
1147 2 5.0 15 16 7
1148 1 5.0 15 8 0
1149 2 50.0 15 16 2
1150 0 50.0 15 4 0
1151 0 15.0 16 0 0
1152 0 50.0 16 0 0
1153 1 10.0 16 0 0
1154 0 10.0 16 5 9
1155 1 50.0 16 14 19
1156 1 30.0 16 7 19
1157 1 50.0 16 10 2
1158 0 30.0 16 14 0
1159 1 5.0 16 0 0
1160 0 15.0 16 0 17
1161 0 30.0 17 2 5
1162 0 15.0 17 0 0
1163 2 5.0 17 0 0
1164 0 30.0 17 10 1
1165 0 50.0 17 5 3
1166 0 10.0 17 19 0
1167 1 30.0 17 0 0
1168 0 5.0 17 0 0
1169 1 50.0 17 0 0
1170 0 30.0 17 9 0
1171 1 50.0 18 14 0
1172 2 50.0 18 15 0
1173 0 15.0 18 1 0
1174 0 5.0 18 10 20
1175 1 15.0 18 5 7
1176 0 15.0 18 5 8
1177 0 5.0 18 14 9
1178 0 10.0 18 9 0
1179 0 15.0 18 13 12
1180 0 10.0 18 14 3
1181 0 15.0 19 9 0
1182 2 30.0 19 7 8
1183 0 15.0 19 3 0
1184 1 30.0 19 0 0
1185 2 15.0 19 0 0
1186 2 5.0 19 0 0
1187 0 30.0 19 12 0
1188 2 10.0 19 9 0
1189 0 5.0 19 20 0
1190 0 5.0 19 7 10
1191 0 5.0 20 18 1
1192 2 5.0 20 18 0
1193 2 5.0 20 0 0
1194 0 15.0 20 0 0
1195 0 50.0 20 16 0
1196 0 10.0 20 6 0
1197 2 10.0 20 0 0
1198 0 15.0 20 0 0
1199 2 10.0 20 13 0
1200 0 30.0 20 11 0
1201 0 50.0 1 6 13
1202 1 10.0 1 0 0
1203 0 5.0 1 8 0
1204 0 50.0 1 5 1
1205 2 5.0 1 0 0
1206 0 30.0 1 0 0
1207 0 10.0 1 8 0
1208 0 15.0 1 7 11
1209 1 15.0 1 19 2
1210 0 30.0 1 0 0
1211 1 30.0 2 12 5
1212 2 30.0 2 0 0
1213 0 10.0 2 18 0
1214 0 10.0 2 3 19
1215 1 50.0 2 18 0
1216 0 10.0 2 0 0
1217 0 5.0 2 0 0
1218 2 10.0 2 0 0
1219 0 50.0 2 0 0
1220 0 5.0 2 0 0
1221 0 50.0 3 0 0
1222 2 30.0 3 0 0
1223 0 10.0 3 17 5
1224 0 15.0 3 15 5
1225 0 30.0 3 4 12
1226 2 30.0 3 0 0
1227 2 5.0 3 0 0
1228 0 50.0 3 0 0
1229 2 5.0 3 0 0
1230 0 10.0 3 7 5
1231 0 15.0 4 8 7
1232 2 10.0 4 15 0
1233 2 5.0 4 0 0
1234 1 10.0 4 0 0
1235 0 15.0 4 0 0
1236 0 15.0 4 1 13
1237 0 50.0 4 0 0
1238 1 50.0 4 8 0
1239 0 30.0 4 0 0
1240 1 5.0 4 12 11
1241 0 50.0 5 9 4
1242 0 10.0 5 9 20
1243 0 50.0 5 0 0
1244 1 10.0 5 0 0
1245 0 5.0 5 3 18
1246 1 10.0 5 3 2
1247 0 15.0 5 1 9
1248 1 10.0 5 0 0
1249 2 5.0 5 12 0
1250 0 50.0 5 0 0
1251 1 15.0 6 2 4
1252 0 30.0 6 0 0
1253 0 10.0 6 0 0
1254 2 30.0 6 0 0
1255 1 5.0 6 20 2
1256 1 10.0 6 1 17
1257 0 30.0 6 2 14
1258 1 15.0 6 8 0
1259 1 50.0 6 0 0
1260 0 10.0 6 0 0
1261 1 5.0 7 16 6
1262 2 5.0 7 2 0
1263 1 50.0 7 14 0
1264 2 5.0 7 12 0
1265 0 15.0 7 19 0
1266 2 10.0 7 12 3
1267 1 50.0 7 13 0
1268 0 15.0 7 9 0
1269 0 5.0 7 3 0
1270 2 30.0 7 1 0
1271 2 30.0 8 17 0
1272 0 10.0 8 0 0
1273 0 50.0 8 0 0
1274 0 50.0 8 9 0
1275 1 10.0 8 12 7
1276 1 10.0 8 0 0
1277 0 50.0 8 9 6
1278 0 15.0 8 2 0
1279 0 5.0 8 9 0
1280 1 5.0 8 12 17
1281 2 5.0 9 15 0
1282 0 30.0 9 13 0
1283 2 50.0 9 15 0
1284 0 5.0 9 6 3
1285 0 50.0 9 18 5
1286 1 5.0 9 0 0
1287 0 30.0 9 18 8
1288 0 30.0 9 13 0
1289 0 50.0 9 5 0
1290 2 5.0 9 1 0
1291 0 15.0 10 17 0
1292 0 50.0 10 19 15
1293 2 50.0 10 8 0
1294 0 5.0 10 0 0
1295 1 30.0 10 5 7
1296 0 15.0 10 6 9
1297 0 30.0 10 0 0
1298 2 15.0 10 19 0
1299 2 50.0 10 0 0
1300 1 50.0 10 12 14
1301 2 15.0 11 10 7
1302 0 10.0 11 8 0
1303 0 10.0 11 14 0
1304 2 5.0 11 8 0
1305 0 50.0 11 6 10
1306 0 5.0 11 14 1
1307 1 15.0 11 17 0
1308 0 50.0 11 4 14
1309 0 10.0 11 20 0
1310 0 10.0 11 6 3
1311 2 15.0 12 14 7
1312 1 30.0 12 17 4
1313 0 10.0 12 1 0
1314 1 15.0 12 0 0
1315 1 30.0 12 0 0
1316 0 10.0 12 0 0
1317 2 30.0 12 5 0
1318 0 50.0 12 7 0
1319 1 10.0 12 0 0
1320 2 30.0 12 18 11
1321 0 30.0 13 17 12
1322 1 30.0 13 0 0
1323 0 5.0 13 0 0
1324 0 15.0 13 4 0
1325 0 5.0 13 11 0
1326 1 10.0 13 10 0
1327 2 30.0 13 6 0
1328 2 30.0 13 17 0
1329 0 15.0 13 3 0
1330 2 50.0 13 6 0
1331 0 5.0 14 17 0
1332 0 15.0 14 11 0
1333 0 15.0 14 5 0
1334 0 15.0 14 15 3
1335 1 10.0 14 0 0
1336 0 30.0 14 0 0
1337 1 5.0 14 20 19
1338 0 50.0 14 18 7
1339 0 50.0 14 3 0
1340 2 5.0 14 13 3
1341 1 10.0 15 1 0
1342 0 10.0 15 20 17
1343 0 50.0 15 9 14
1344 2 30.0 15 6 4
1345 0 15.0 15 0 0
1346 2 5.0 15 0 0
1347 1 50.0 15 0 0
1348 0 50.0 15 0 0
1349 0 10.0 15 20 0
1350 1 30.0 15 0 0
1351 1 15.0 16 1 0
1352 0 5.0 16 6 0
1353 0 15.0 16 18 1
1354 0 5.0 16 20 0
1355 2 10.0 16 20 8
1356 2 5.0 16 5 6
1357 1 30.0 16 19 2
1358 0 5.0 16 5 0
1359 0 15.0 16 10 0
1360 0 30.0 16 15 0
1361 2 10.0 17 5 0
1362 0 15.0 17 14 0
1363 1 15.0 17 20 0
1364 0 30.0 17 14 0
1365 2 15.0 17 18 0
1366 2 30.0 17 8 0
1367 0 10.0 17 9 0
1368 1 10.0 17 11 0
1369 2 15.0 17 0 0
1370 1 30.0 17 16 0
1371 0 15.0 18 0 0
1372 1 15.0 18 4 0
1373 0 15.0 18 15 13
1374 0 5.0 18 3 0
1375 1 10.0 18 9 0
1376 1 15.0 18 8 0
1377 2 50.0 18 14 0
1378 0 5.0 18 4 0
1379 0 50.0 18 6 0
1380 1 30.0 18 0 0
1381 1 50.0 19 12 2
1382 0 50.0 19 14 0
1383 1 5.0 19 9 0
1384 2 50.0 19 14 0
1385 0 5.0 19 4 0
1386 2 15.0 19 8 0
1387 2 50.0 19 9 4
1388 2 15.0 19 9 0
1389 0 30.0 19 9 0
1390 0 5.0 19 8 0
1391 2 30.0 20 10 2
1392 1 50.0 20 4 7
1393 1 15.0 20 0 0
1394 2 5.0 20 0 0
1395 2 30.0 20 9 6
1396 1 10.0 20 0 0
1397 2 15.0 20 0 0
1398 2 10.0 20 0 0
1399 0 30.0 20 0 0
1400 2 30.0 20 0 0