200

1001 2 50.0 1 9 4
1002 2 30.0 1 7 0
1003 1 50.0 1 0 0
1004 0 5.0 1 0 0
1005 0 50.0 1 0 0
1006 1 30.0 1 0 0
1007 1 15.0 1 2 0
1008 0 5.0 1 0 0
1009 0 50.0 1 10 5
1010 1 15.0 1 2 0
1011 0 15.0 1 5 2
1012 2 5.0 1 0 0
1013 2 5.0 1 0 0
1014 1 5.0 1 5 7
1015 1 30.0 1 2 0
1016 2 15.0 1 2 8
1017 0 30.0 1 9 5
1018 0 10.0 1 0 0
1019 0 15.0 1 5 0
1020 1 5.0 1 4 6
1021 0 50.0 2 9 0
1022 2 30.0 2 4 0
1023 0 30.0 2 5 0
1024 0 15.0 2 6 4
1025 0 50.0 2 3 0
1026 1 5.0 2 0 0
1027 1 10.0 2 0 0
1028 1 15.0 2 3 5
1029 1 15.0 2 0 0
1030 0 15.0 2 0 0
1031 0 15.0 2 4 9
1032 0 15.0 2 0 0
1033 2 10.0 2 0 0
1034 0 10.0 2 4 0
1035 1 30.0 2 0 0
1036 1 15.0 2 8 6
1037 2 5.0 2 7 5
1038 0 5.0 2 6 8
1039 1 15.0 2 1 3
1040 0 15.0 2 9 7
1041 2 5.0 3 6 8
1042 1 30.0 3 0 0
1043 2 30.0 3 6 9
1044 0 50.0 3 4 5
1045 2 10.0 3 10 5
1046 0 5.0 3 8 0
1047 0 15.0 3 9 0
1048 2 50.0 3 5 6
1049 0 30.0 3 5 0
1050 2 15.0 3 0 0
1051 0 50.0 3 0 0
1052 1 5.0 3 0 0
1053 0 10.0 3 6 2
1054 1 10.0 3 5 0
1055 0 10.0 3 5 0
1056 1 30.0 3 7 0
1057 0 15.0 3 5 0
1058 0 10.0 3 4 9
1059 0 50.0 3 9 7
1060 2 30.0 3 6 0
1061 1 10.0 4 10 0
1062 0 50.0 4 8 0
1063 0 50.0 4 6 0
1064 2 15.0 4 5 0
1065 1 10.0 4 3 7
1066 2 5.0 4 2 3
1067 0 30.0 4 0 0
1068 0 50.0 4 0 0
1069 1 5.0 4 2 5
1070 0 50.0 4 7 0
1071 2 50.0 4 5 0
1072 0 30.0 4 0 0
1073 1 30.0 4 0 0
1074 1 5.0 4 0 0
1075 2 10.0 4 0 0
1076 0 30.0 4 10 0
1077 0 10.0 4 9 0
1078 2 10.0 4 10 0
1079 0 10.0 4 6 0
1080 0 5.0 4 3 9
1081 0 50.0 5 9 0
1082 0 50.0 5 1 3
1083 1 10.0 5 7 8
1084 0 5.0 5 0 0
1085 0 30.0 5 0 0
1086 2 30.0 5 10 0
1087 0 15.0 5 1 0
1088 2 50.0 5 1 0
1089 1 15.0 5 8 2
1090 0 50.0 5 4 9
1091 2 10.0 5 10 0
1092 2 30.0 5 2 0
1093 2 15.0 5 10 0
1094 0 30.0 5 0 0
1095 0 15.0 5 7 3
1096 2 5.0 5 4 0
1097 0 50.0 5 9 0
1098 2 30.0 5 8 0
1099 2 5.0 5 0 0
1100 1 15.0 5 7 0
1101 2 50.0 6 0 0
1102 0 10.0 6 10 1
1103 2 50.0 6 0 0
1104 0 10.0 6 5 9
1105 0 5.0 6 7 1
1106 1 50.0 6 8 3
1107 0 10.0 6 9 0
1108 0 15.0 6 1 3
1109 1 15.0 6 8 0
1110 0 50.0 6 8 0
1111 1 5.0 6 9 0
1112 0 30.0 6 10 0
1113 0 30.0 6 0 0
1114 1 10.0 6 7 0
1115 0 15.0 6 3 0
1116 0 50.0 6 3 0
1117 1 10.0 6 2 4
1118 0 50.0 6 2 3
1119 2 50.0 6 7 0
1120 0 15.0 6 3 0
1121 2 50.0 7 0 0
1122 0 15.0 7 0 0
1123 0 5.0 7 6 0
1124 2 5.0 7 0 0
1125 0 5.0 7 0 0
1126 1 10.0 7 0 9
1127 0 50.0 7 0 0
1128 2 5.0 7 10 0
1129 1 5.0 7 9 5
1130 0 15.0 7 2 5
1131 1 15.0 7 1 3
1132 2 15.0 7 2 8
1133 0 30.0 7 0 0
1134 1 10.0 7 6 0
1135 0 15.0 7 6 10
1136 0 5.0 7 6 4
1137 0 50.0 7 0 0
1138 1 50.0 7 2 0
1139 0 5.0 7 8 0
1140 0 5.0 7 0 0
1141 2 15.0 8 4 0
1142 1 10.0 8 7 4
1143 1 30.0 8 1 0
1144 0 15.0 8 2 0
1145 2 10.0 8 0 0
1146 0 10.0 8 10 6
1147 2 30.0 8 0 0
1148 1 15.0 8 0 0
1149 0 30.0 8 5 0
1150 1 30.0 8 3 0
1151 0 5.0 8 7 0
1152 0 30.0 8 0 0
1153 0 30.0 8 0 0
1154 2 10.0 8 6 0
1155 0 5.0 8 5 0
1156 2 10.0 8 6 0
1157 0 50.0 8 9 0
1158 1 30.0 8 4 0
1159 0 50.0 8 5 1
1160 0 30.0 8 0 0
1161 2 10.0 9 10 0
1162 2 10.0 9 1 0
1163 2 30.0 9 10 6
1164 0 10.0 9 4 7
1165 0 10.0 9 8 3
1166 2 5.0 9 0 0
1167 2 30.0 9 3 0
1168 1 15.0 9 10 0
1169 1 30.0 9 1 0
1170 0 10.0 9 0 0
1171 0 30.0 9 0 0
1172 1 5.0 9 4 0
1173 2 15.0 9 4 0
1174 0 50.0 9 5 0
1175 0 5.0 9 3 10
1176 0 10.0 9 0 0
1177 0 50.0 9 3 7
1178 1 5.0 9 0 0
1179 0 30.0 9 4 2
1180 0 50.0 9 8 0
1181 0 5.0 10 5 1
1182 1 10.0 10 0 0
1183 0 30.0 10 4 9
1184 1 30.0 10 0 0
1185 2 15.0 10 0 0
1186 2 10.0 10 8 0
1187 1 5.0 10 0 0
1188 0 5.0 10 3 0
1189 2 50.0 10 3 5
1190 0 15.0 10 5 9
1191 2 50.0 10 8 0
1192 0 50.0 10 8 0
1193 2 10.0 10 0 0
1194 0 5.0 10 4 0
1195 0 15.0 10 0 0
1196 0 50.0 10 9 0
1197 1 10.0 10 4 0
1198 0 5.0 10 0 0
1199 1 30.0 10 0 0
1200 0 10.0 10 3 9