200

1001 0 30.0 1 9 4
1002 1 30.0 1 0 0
1003 0 5.0 1 0 0
1004 0 10.0 1 9 0
1005 0 5.0 1 0 0
1006 1 10.0 1 3 9
1007 1 10.0 1 9 2
1008 0 30.0 1 2 8
1009 0 5.0 1 6 0
1010 1 10.0 1 5 0
1011 2 10.0 1 9 0
1012 2 5.0 1 0 0
1013 1 10.0 1 0 0
1014 2 50.0 1 7 0
1015 1 15.0 1 0 0
1016 2 10.0 1 4 9
1017 2 5.0 1 0 0
1018 2 15.0 1 0 0
1019 2 30.0 1 4 10
1020 0 10.0 1 4 3
1021 0 30.0 2 5 3
1022 1 10.0 2 8 1
1023 2 30.0 2 0 0
1024 0 15.0 2 10 0
1025 1 30.0 2 9 7
1026 1 5.0 2 0 0
1027 0 50.0 2 10 3
1028 0 30.0 2 7 5
1029 0 50.0 2 0 0
1030 1 15.0 2 0 0
1031 0 15.0 2 0 0
1032 0 5.0 2 3 9
1033 0 15.0 2 0 0
1034 0 10.0 2 5 0
1035 0 15.0 2 0 0
1036 1 10.0 2 10 0
1037 0 30.0 2 0 0
1038 2 5.0 2 7 0
1039 2 5.0 2 0 0
1040 1 15.0 2 0 0
1041 0 50.0 3 0 0
1042 1 15.0 3 4 0
1043 0 10.0 3 10 0
1044 0 15.0 3 0 0
1045 0 50.0 3 0 0
1046 2 30.0 3 4 8
1047 2 15.0 3 0 0
1048 0 5.0 3 10 0
1049 0 30.0 3 1 2
1050 0 5.0 3 5 0
1051 0 15.0 3 6 0
1052 1 5.0 3 6 0
1053 2 10.0 3 1 0
1054 0 10.0 3 10 0
1055 2 5.0 3 7 0
1056 2 50.0 3 8 0
1057 0 15.0 3 1 0
1058 1 30.0 3 2 0
1059 2 30.0 3 0 0
1060 0 5.0 3 10 5
1061 0 15.0 4 0 0
1062 1 50.0 4 9 6
1063 0 10.0 4 3 0
1064 0 15.0 4 1 7
1065 2 50.0 4 0 0
1066 0 50.0 4 2 0
1067 1 5.0 4 8 0
1068 0 50.0 4 10 0
1069 0 10.0 4 1 0
1070 2 50.0 4 5 0
1071 2 15.0 4 9 2
1072 0 15.0 4 7 0
1073 0 50.0 4 7 0
1074 0 50.0 4 9 1
1075 0 5.0 4 6 0
1076 0 10.0 4 6 0
1077 2 5.0 4 1 6
1078 1 15.0 4 2 5
1079 1 10.0 4 0 0
1080 2 15.0 4 2 7
1081 2 15.0 5 4 6
1082 0 15.0 5 8 9
1083 0 10.0 5 10 0
1084 0 10.0 5 2 0
1085 0 10.0 5 0 0
1086 1 30.0 5 9 0
1087 2 15.0 5 7 0
1088 0 30.0 5 7 0
1089 0 10.0 5 1 0
1090 1 15.0 5 1 3
1091 0 30.0 5 0 0
1092 0 10.0 5 1 0
1093 1 50.0 5 10 0
1094 0 30.0 5 7 0
1095 0 50.0 5 3 0
1096 0 5.0 5 6 0
1097 0 10.0 5 2 6
1098 0 15.0 5 9 0
1099 0 30.0 5 4 0
1100 2 50.0 5 3 1
1101 0 15.0 6 0 0
1102 0 10.0 6 0 0
1103 2 10.0 6 0 0
1104 1 30.0 6 8 4
1105 0 30.0 6 3 1
1106 2 15.0 6 1 0
1107 0 5.0 6 0 0
1108 2 30.0 6 2 0
1109 0 5.0 6 0 0
1110 1 30.0 6 9 8
1111 2 10.0 6 4 0
1112 0 10.0 6 0 0
1113 2 5.0 6 0 0
1114 0 15.0 6 0 0
1115 1 15.0 6 9 8
1116 0 5.0 6 3 0
1117 0 15.0 6 0 0
1118 0 50.0 6 3 0
1119 0 15.0 6 4 9
1120 0 50.0 6 7 0
1121 1 15.0 7 0 0
1122 1 50.0 7 10 0
1123 1 30.0 7 2 0
1124 1 15.0 7 10 9
1125 1 10.0 7 1 0
1126 0 15.0 7 10 4
1127 0 50.0 7 8 0
1128 0 10.0 7 0 0
1129 0 50.0 7 10 0
1130 0 5.0 7 4 0
1131 0 10.0 7 6 0
1132 0 30.0 7 10 0
1133 0 5.0 7 5 4
1134 2 30.0 7 0 0
1135 1 10.0 7 0 0
1136 1 50.0 7 10 4
1137 0 50.0 7 1 5
1138 0 50.0 7 9 0
1139 0 5.0 7 10 0
1140 2 5.0 7 5 1
1141 0 50.0 8 5 0
1142 0 10.0 8 5 6
1143 0 50.0 8 0 0
1144 2 30.0 8 10 0
1145 2 5.0 8 1 0
1146 1 50.0 8 3 0
1147 0 50.0 8 0 0
1148 2 5.0 8 1 0
1149 1 15.0 8 0 0
1150 1 5.0 8 4 2
1151 0 10.0 8 5 3
1152 0 30.0 8 7 6
1153 2 5.0 8 0 0
1154 0 15.0 8 5 2
1155 1 10.0 8 3 0
1156 0 15.0 8 7 3
1157 0 5.0 8 10 0
1158 2 50.0 8 0 0
1159 2 5.0 8 7 0
1160 0 50.0 8 3 0
1161 2 30.0 9 1 0
1162 2 5.0 9 2 8
1163 2 10.0 9 5 1
1164 1 10.0 9 1 0
1165 1 15.0 9 0 0
1166 2 30.0 9 0 0
1167 0 50.0 9 0 0
1168 0 30.0 9 3 8
1169 2 5.0 9 7 6
1170 1 10.0 9 7 0
1171 1 30.0 9 6 7
1172 2 5.0 9 0 0
1173 1 30.0 9 0 0
1174 2 30.0 9 6 0
1175 0 15.0 9 0 0
1176 0 30.0 9 7 2
1177 1 50.0 9 2 1
1178 0 5.0 9 8 1
1179 0 30.0 9 3 0
1180 0 5.0 9 8 0
1181 0 50.0 10 9 0
1182 1 5.0 10 0 0
1183 2 30.0 10 6 0
1184 2 5.0 10 8 0
1185 1 50.0 10 0 0
1186 1 30.0 10 8 0
1187 1 50.0 10 5 7
1188 0 50.0 10 9 1
1189 2 15.0 10 0 0
1190 0 50.0 10 0 0
1191 2 15.0 10 1 0
1192 0 30.0 10 8 6
1193 1 10.0 10 2 5
1194 0 10.0 10 8 5
1195 1 50.0 10 7 2
1196 0 50.0 10 0 0
1197 2 50.0 10 3 1
1198 1 5.0 10 0 0
1199 1 30.0 10 0 0
1200 2 30.0 10 0 0