200

1001 1 50.0 1 3 0
1002 2 5.0 1 10 8
1003 0 15.0 1 0 0
1004 1 50.0 1 8 7
1005 1 10.0 1 3 0
1006 0 15.0 1 0 0
1007 0 30.0 1 0 0
1008 0 15.0 1 0 0
1009 1 10.0 1 0 0
1010 0 30.0 1 0 0
1011 2 15.0 1 5 6
1012 1 5.0 1 0 0
1013 0 15.0 1 0 0
1014 0 30.0 1 0 0
1015 2 30.0 1 7 0
1016 0 15.0 1 6 0
1017 1 5.0 1 7 0
1018 1 30.0 1 3 0
1019 2 10.0 1 2 3
1020 0 10.0 1 0 0
1021 0 15.0 2 7 1
1022 2 5.0 2 9 7
1023 1 10.0 2 0 0
1024 0 5.0 2 5 6
1025 0 15.0 2 6 9
1026 0 5.0 2 0 0
1027 0 10.0 2 0 0
1028 1 10.0 2 0 0
1029 0 50.0 2 10 0
1030 2 10.0 2 8 0
1031 0 30.0 2 0 0
1032 0 50.0 2 10 0
1033 2 5.0 2 6 0
1034 1 30.0 2 0 0
1035 0 15.0 2 6 0
1036 0 50.0 2 0 0
1037 2 15.0 2 8 7
1038 0 15.0 2 7 0
1039 0 15.0 2 1 0
1040 0 15.0 2 4 0
1041 2 30.0 3 6 1
1042 0 50.0 3 0 0
1043 1 30.0 3 9 7
1044 2 15.0 3 1 8
1045 0 10.0 3 0 0
1046 2 15.0 3 4 5
1047 0 15.0 3 9 0
1048 0 15.0 3 0 0
1049 1 15.0 3 0 0
1050 0 30.0 3 0 0
1051 1 50.0 3 0 0
1052 1 10.0 3 0 0
1053 0 50.0 3 10 0
1054 1 5.0 3 5 0
1055 0 30.0 3 0 0
1056 0 15.0 3 0 0
1057 1 5.0 3 0 0
1058 0 50.0 3 10 0
1059 0 5.0 3 0 0
1060 0 5.0 3 0 0
1061 0 15.0 4 6 1
1062 0 50.0 4 6 0
1063 2 10.0 4 8 1
1064 0 15.0 4 3 8
1065 1 5.0 4 0 0
1066 0 30.0 4 0 0
1067 0 30.0 4 0 0
1068 2 50.0 4 3 5
1069 0 5.0 4 5 0
1070 2 5.0 4 0 0
1071 0 10.0 4 0 0
1072 0 10.0 4 8 0
1073 2 10.0 4 0 0
1074 0 30.0 4 8 0
1075 0 10.0 4 3 6
1076 0 5.0 4 0 0
1077 1 15.0 4 9 0
1078 0 30.0 4 0 0
1079 0 5.0 4 10 0
1080 1 50.0 4 0 0
1081 0 50.0 5 2 7
1082 1 10.0 5 0 0
1083 0 10.0 5 8 0
1084 0 5.0 5 10 0
1085 0 5.0 5 0 0
1086 0 15.0 5 0 0
1087 0 30.0 5 0 0
1088 0 50.0 5 0 0
1089 0 30.0 5 8 0
1090 1 5.0 5 2 3
1091 0 30.0 5 1 7
1092 0 30.0 5 2 0
1093 1 5.0 5 4 0
1094 2 15.0 5 6 0
1095 2 50.0 5 8 0
1096 1 30.0 5 1 0
1097 0 50.0 5 8 0
1098 0 10.0 5 0 0
1099 0 50.0 5 2 0
1100 0 30.0 5 10 0
1101 1 10.0 6 7 4
1102 2 50.0 6 3 0
1103 2 30.0 6 1 0
1104 0 10.0 6 10 0
1105 1 50.0 6 0 0
1106 1 5.0 6 4 0
1107 2 10.0 6 2 9
1108 2 30.0 6 7 3
1109 0 5.0 6 9 3
1110 0 30.0 6 9 1
1111 1 5.0 6 1 1
1112 2 15.0 6 2 7
1113 0 10.0 6 5 3
1114 2 10.0 6 2 2
1115 1 50.0 6 10 1
1116 0 50.0 6 7 0
1117 0 15.0 6 2 0
1118 1 5.0 6 3 0
1119 1 15.0 6 5 0
1120 1 50.0 6 2 0
1121 1 10.0 7 4 2
1122 2 10.0 7 3 0
1123 1 10.0 7 9 8
1124 2 5.0 7 3 3
1125 0 30.0 7 6 0
1126 0 50.0 7 10 0
1127 2 50.0 7 0 0
1128 1 50.0 7 2 4
1129 0 30.0 7 0 0
1130 0 15.0 7 8 3
1131 0 15.0 7 10 1
1132 2 10.0 7 5 8
1133 0 10.0 7 6 0
1134 1 15.0 7 3 8
1135 2 15.0 7 9 2
1136 2 30.0 7 4 1
1137 0 50.0 7 3 1
1138 2 30.0 7 9 6
1139 0 50.0 7 0 0
1140 0 50.0 7 5 0
1141 2 30.0 8 9 0
1142 0 10.0 8 0 0
1143 2 30.0 8 5 1
1144 1 10.0 8 4 0
1145 2 5.0 8 2 0
1146 0 15.0 8 2 0
1147 1 5.0 8 10 0
1148 0 30.0 8 1 0
1149 0 15.0 8 2 0
1150 1 15.0 8 0 0
1151 2 30.0 8 10 0
1152 2 5.0 8 0 0
1153 1 5.0 8 10 0
1154 1 50.0 8 7 4
1155 2 15.0 8 5 3
1156 0 5.0 8 6 0
1157 0 30.0 8 2 0
1158 0 10.0 8 2 0
1159 2 50.0 8 1 0
1160 0 30.0 8 4 7
1161 2 10.0 9 0 0
1162 2 50.0 9 0 0
1163 0 10.0 9 1 7
1164 1 5.0 9 7 0
1165 1 15.0 9 6 0
1166 2 5.0 9 4 8
1167 0 5.0 9 0 0
1168 0 10.0 9 10 0
1169 0 5.0 9 10 0
1170 0 10.0 9 1 3
1171 1 5.0 9 7 3
1172 0 5.0 9 3 8
1173 2 10.0 9 0 0
1174 1 10.0 9 0 0
1175 2 50.0 9 1 0
1176 2 15.0 9 3 0
1177 0 5.0 9 0 0
1178 1 15.0 9 7 0
1179 2 30.0 9 5 10
1180 1 50.0 9 7 1
1181 0 10.0 10 0 0
1182 0 50.0 10 3 1
1183 2 50.0 10 6 0
1184 0 30.0 10 2 0
1185 2 50.0 10 4 0
1186 0 50.0 10 9 1
1187 2 10.0 10 8 7
1188 0 5.0 10 9 1
1189 2 10.0 10 0 0
1190 0 50.0 10 3 0
1191 1 15.0 10 9 0
1192 2 5.0 10 8 5
1193 1 30.0 10 3 0
1194 2 30.0 10 0 0
1195 1 50.0 10 2 0
1196 0 5.0 10 5 0
1197 0 30.0 10 6 4
1198 1 30.0 10 5 0
1199 0 15.0 10 7 0
1200 0 50.0 10 3 0