200

1001 0 15.0 1 8 0
1002 1 5.0 1 4 0
1003 0 50.0 1 2 0
1004 0 30.0 1 4 0
1005 0 10.0 1 9 5
1006 1 10.0 1 0 0
1007 1 10.0 1 5 0
1008 0 5.0 1 10 0
1009 0 50.0 1 4 0
1010 0 5.0 1 8 0
1011 2 50.0 1 6 0
1012 0 5.0 1 9 4
1013 0 50.0 1 2 0
1014 1 15.0 1 7 5
1015 1 5.0 1 0 0
1016 0 15.0 1 2 0
1017 0 50.0 1 7 2
1018 0 30.0 1 0 0
1019 1 5.0 1 6 0
1020 0 50.0 1 7 9
1021 1 15.0 2 0 0
1022 0 30.0 2 4 8
1023 0 30.0 2 0 0
1024 2 50.0 2 0 0
1025 0 10.0 2 6 7
1026 0 10.0 2 0 0
1027 0 15.0 2 3 1
1028 1 50.0 2 1 3
1029 0 10.0 2 9 6
1030 1 5.0 2 5 0
1031 2 30.0 2 6 0
1032 0 50.0 2 10 0
1033 0 50.0 2 0 0
1034 1 30.0 2 5 0
1035 1 15.0 2 0 0
1036 1 50.0 2 10 1
1037 0 10.0 2 0 0
1038 2 15.0 2 9 1
1039 1 15.0 2 0 0
1040 1 15.0 2 6 10
1041 2 5.0 3 6 9
1042 1 5.0 3 1 0
1043 2 10.0 3 0 0
1044 2 5.0 3 8 7
1045 0 5.0 3 4 0
1046 1 30.0 3 5 9
1047 0 50.0 3 0 0
1048 0 5.0 3 0 0
1049 0 30.0 3 7 10
1050 2 5.0 3 1 0
1051 1 10.0 3 0 0
1052 0 10.0 3 2 0
1053 1 15.0 3 5 0
1054 0 5.0 3 6 0
1055 1 15.0 3 7 9
1056 2 50.0 3 9 0
1057 2 50.0 3 7 0
1058 1 30.0 3 0 0
1059 0 15.0 3 2 9
1060 0 5.0 3 1 0
1061 1 30.0 4 1 0
1062 1 50.0 4 0 0
1063 0 30.0 4 0 0
1064 1 50.0 4 5 7
1065 1 30.0 4 0 0
1066 2 10.0 4 0 0
1067 0 5.0 4 1 0
1068 0 5.0 4 0 0
1069 1 15.0 4 2 1
1070 0 15.0 4 6 0
1071 2 15.0 4 0 0
1072 1 50.0 4 9 7
1073 2 15.0 4 0 0
1074 0 50.0 4 5 0
1075 0 30.0 4 0 0
1076 2 5.0 4 3 2
1077 0 30.0 4 2 0
1078 1 15.0 4 0 0
1079 2 10.0 4 9 0
1080 1 50.0 4 7 0
1081 0 15.0 5 0 0
1082 0 15.0 5 3 0
1083 0 10.0 5 0 0
1084 0 10.0 5 2 0
1085 2 10.0 5 7 0
1086 2 5.0 5 3 0
1087 0 10.0 5 0 0
1088 0 50.0 5 3 0
1089 0 30.0 5 6 1
1090 0 10.0 5 1 0
1091 2 30.0 5 1 0
1092 2 5.0 5 2 4
1093 0 50.0 5 0 0
1094 2 5.0 5 2 0
1095 1 10.0 5 8 0
1096 1 50.0 5 8 0
1097 0 10.0 5 1 6
1098 0 50.0 5 0 0
1099 1 50.0 5 0 0
1100 2 10.0 5 0 0
1101 0 5.0 6 3 0
1102 0 15.0 6 0 0
1103 1 30.0 6 0 0
1104 0 15.0 6 4 0
1105 0 30.0 6 0 0
1106 1 15.0 6 2 0
1107 0 5.0 6 3 0
1108 0 5.0 6 7 0
1109 1 50.0 6 0 0
1110 0 5.0 6 0 0
1111 2 50.0 6 0 0
1112 2 30.0 6 2 0
1113 1 10.0 6 8 9
1114 0 15.0 6 3 0
1115 2 15.0 6 0 0
1116 0 10.0 6 5 0
1117 2 10.0 6 0 0
1118 2 50.0 6 1 8
1119 2 30.0 6 0 0
1120 2 15.0 6 3 1
1121 0 10.0 7 3 0
1122 0 50.0 7 2 0
1123 0 50.0 7 1 0
1124 0 30.0 7 2 0
1125 2 10.0 7 0 0
1126 1 10.0 7 6 2
1127 0 50.0 7 8 1
1128 2 15.0 7 10 5
1129 0 5.0 7 10 0
1130 2 15.0 7 0 0
1131 0 10.0 7 10 0
1132 2 30.0 7 10 0
1133 1 5.0 7 9 0
1134 1 30.0 7 10 0
1135 1 10.0 7 5 2
1136 2 5.0 7 0 0
1137 0 15.0 7 4 9
1138 0 10.0 7 9 0
1139 1 10.0 7 0 0
1140 0 10.0 7 10 0
1141 2 10.0 8 0 0
1142 0 10.0 8 5 9
1143 0 10.0 8 9 7
1144 0 15.0 8 5 0
1145 2 5.0 8 0 0
1146 0 15.0 8 0 0
1147 0 30.0 8 7 10
1148 0 5.0 8 3 0
1149 0 30.0 8 9 0
1150 1 15.0 8 0 0
1151 0 50.0 8 3 4
1152 1 5.0 8 0 0
1153 0 30.0 8 7 1
1154 0 5.0 8 5 2
1155 2 15.0 8 0 0
1156 0 5.0 8 3 6
1157 2 50.0 8 0 0
1158 2 10.0 8 6 3
1159 1 5.0 8 0 0
1160 0 30.0 8 7 0
1161 2 50.0 9 1 8
1162 2 30.0 9 0 0
1163 2 10.0 9 1 0
1164 0 15.0 9 2 0
1165 1 50.0 9 1 4
1166 0 15.0 9 5 0
1167 1 15.0 9 8 6
1168 0 30.0 9 2 4
1169 2 5.0 9 4 8
1170 0 5.0 9 1 3
1171 0 50.0 9 3 2
1172 0 15.0 9 1 5
1173 2 30.0 9 6 4
1174 1 30.0 9 1 0
1175 0 5.0 9 8 6
1176 1 30.0 9 6 0
1177 0 5.0 9 0 0
1178 0 30.0 9 2 0
1179 2 30.0 9 5 0
1180 0 30.0 9 0 0
1181 0 15.0 10 8 7
1182 0 30.0 10 9 2
1183 2 30.0 10 0 0
1184 0 5.0 10 7 3
1185 2 5.0 10 3 0
1186 0 15.0 10 4 0
1187 0 30.0 10 6 0
1188 2 15.0 10 5 2
1189 0 50.0 10 5 7
1190 0 50.0 10 7 6
1191 1 15.0 10 0 0
1192 2 10.0 10 0 0
1193 1 10.0 10 4 1
1194 2 30.0 10 0 0
1195 0 50.0 10 9 5
1196 1 10.0 10 8 0
1197 0 50.0 10 3 0
1198 2 50.0 10 1 0
1199 0 10.0 10 4 0
1200 0 30.0 10 2 0