200

1001 2 50.0 1 0 0
1002 1 50.0 1 2 0
1003 0 5.0 1 10 9
1004 0 50.0 1 2 3
1005 2 30.0 1 10 8
1006 1 5.0 1 0 0
1007 2 10.0 1 0 0
1008 2 5.0 1 4 3
1009 1 30.0 1 0 0
1010 0 10.0 1 10 0
1011 1 50.0 1 6 4
1012 0 5.0 1 9 0
1013 0 5.0 1 9 0
1014 0 5.0 1 6 4
1015 0 50.0 1 7 3
1016 1 30.0 1 8 6
1017 1 15.0 1 0 0
1018 0 15.0 1 6 7
1019 0 5.0 1 3 0
1020 0 5.0 1 2 6
1021 1 15.0 2 0 0
1022 1 15.0 2 1 0
1023 0 50.0 2 3 7
1024 2 15.0 2 3 4
1025 0 15.0 2 3 0
1026 1 5.0 2 3 0
1027 0 15.0 2 7 1
1028 0 30.0 2 1 3
1029 2 30.0 2 9 4
1030 0 5.0 2 7 8
1031 2 15.0 2 6 1
1032 0 5.0 2 0 0
1033 0 30.0 2 8 4
1034 0 10.0 2 3 6
1035 2 5.0 2 10 0
1036 2 5.0 2 5 10
1037 1 5.0 2 0 0
1038 0 30.0 2 3 8
1039 0 15.0 2 9 4
1040 1 50.0 2 6 4
1041 1 5.0 3 0 0
1042 0 50.0 3 5 0
1043 1 50.0 3 0 0
1044 0 50.0 3 0 0
1045 0 50.0 3 0 0
1046 0 15.0 3 5 0
1047 2 30.0 3 0 0
1048 0 10.0 3 10 0
1049 0 15.0 3 0 0
1050 2 5.0 3 4 0
1051 1 30.0 3 6 0
1052 0 50.0 3 2 0
1053 2 30.0 3 10 1
1054 0 50.0 3 0 0
1055 0 10.0 3 0 0
1056 1 30.0 3 0 0
1057 0 15.0 3 10 9
1058 2 5.0 3 6 0
1059 0 15.0 3 2 0
1060 1 10.0 3 9 4
1061 2 10.0 4 10 6
1062 0 50.0 4 7 0
1063 0 15.0 4 5 0
1064 0 50.0 4 2 0
1065 0 5.0 4 9 0
1066 1 50.0 4 0 0
1067 0 10.0 4 8 0
1068 2 15.0 4 0 0
1069 2 50.0 4 5 0
1070 0 10.0 4 7 0
1071 2 15.0 4 1 0
1072 1 5.0 4 2 1
1073 0 5.0 4 0 0
1074 0 10.0 4 8 5
1075 1 30.0 4 0 0
1076 0 15.0 4 1 3
1077 0 30.0 4 0 0
1078 1 30.0 4 10 0
1079 1 50.0 4 6 2
1080 0 50.0 4 8 0
1081 1 15.0 5 2 0
1082 0 30.0 5 3 0
1083 0 10.0 5 0 0
1084 2 10.0 5 0 0
1085 2 5.0 5 4 0
1086 1 15.0 5 0 0
1087 1 5.0 5 0 0
1088 0 30.0 5 6 2
1089 1 10.0 5 2 0
1090 1 15.0 5 2 0
1091 0 10.0 5 0 0
1092 1 50.0 5 6 0
1093 0 10.0 5 8 0
1094 1 10.0 5 0 0
1095 0 50.0 5 3 0
1096 2 50.0 5 0 0
1097 0 15.0 5 8 0
1098 0 5.0 5 1 0
1099 0 10.0 5 0 0
1100 2 10.0 5 2 0
1101 2 30.0 6 8 0
1102 0 50.0 6 10 0
1103 2 5.0 6 4 0
1104 1 10.0 6 8 0
1105 0 10.0 6 5 0
1106 2 30.0 6 0 0
1107 2 10.0 6 2 0
1108 0 10.0 6 5 0
1109 1 10.0 6 4 0
1110 0 50.0 6 4 7
1111 0 15.0 6 3 5
1112 0 10.0 6 0 0
1113 1 50.0 6 0 0
1114 2 10.0 6 5 0
1115 0 30.0 6 7 0
1116 1 15.0 6 2 0
1117 0 5.0 6 3 2
1118 0 10.0 6 8 0
1119 2 50.0 6 0 0
1120 0 10.0 6 0 0
1121 2 50.0 7 0 0
1122 2 10.0 7 2 0
1123 0 5.0 7 5 0
1124 2 5.0 7 4 9
1125 0 30.0 7 10 3
1126 1 5.0 7 9 0
1127 2 10.0 7 4 0
1128 2 30.0 7 0 0
1129 0 5.0 7 3 0
1130 2 10.0 7 6 0
1131 1 15.0 7 5 0
1132 0 30.0 7 10 0
1133 1 5.0 7 5 0
1134 0 15.0 7 3 0
1135 1 10.0 7 0 0
1136 0 30.0 7 8 0
1137 0 50.0 7 2 0
1138 1 30.0 7 5 0
1139 0 15.0 7 5 0
1140 0 30.0 7 4 0
1141 0 15.0 8 0 0
1142 0 30.0 8 0 0
1143 2 50.0 8 1 4
1144 0 10.0 8 10 7
1145 1 10.0 8 0 2
1146 0 10.0 8 3 0
1147 2 15.0 8 3 0
1148 0 15.0 8 1 0
1149 1 30.0 8 0 0
1150 0 5.0 8 7 1
1151 1 5.0 8 2 0
1152 2 30.0 8 0 0
1153 0 30.0 8 0 0
1154 0 30.0 8 6 0
1155 2 5.0 8 4 0
1156 1 5.0 8 10 4
1157 0 15.0 8 6 9
1158 1 10.0 8 2 3
1159 2 10.0 8 5 0
1160 0 30.0 8 0 0
1161 2 10.0 9 6 3
1162 0 5.0 9 3 8
1163 2 15.0 9 1 5
1164 0 30.0 9 0 0
1165 0 15.0 9 0 0
1166 0 50.0 9 7 5
1167 1 50.0 9 0 0
1168 2 10.0 9 7 0
1169 1 15.0 9 2 8
1170 0 30.0 9 3 0
1171 0 50.0 9 8 7
1172 1 30.0 9 5 6
1173 0 50.0 9 5 10
1174 0 50.0 9 4 0
1175 1 10.0 9 2 1
1176 1 15.0 9 6 10
1177 0 30.0 9 7 4
1178 2 50.0 9 1 3
1179 2 15.0 9 3 4
1180 1 15.0 9 2 0
1181 0 15.0 10 4 0
1182 2 30.0 10 5 0
1183 2 30.0 10 0 0
1184 0 5.0 10 0 0
1185 2 5.0 10 0 0
1186 0 5.0 10 7 6
1187 1 5.0 10 0 0
1188 0 15.0 10 7 0
1189 0 50.0 10 1 0
1190 1 30.0 10 0 0
1191 0 10.0 10 3 4
1192 0 50.0 10 2 0
1193 0 30.0 10 8 3
1194 0 15.0 10 0 0
1195 2 50.0 10 0 0
1196 0 5.0 10 0 0
1197 2 50.0 10 0 0
1198 2 50.0 10 0 0
1199 0 30.0 10 0 0
1200 2 15.0 10 0 0