50.0 1.0 1.0 480

32 16 16

11

0 0 0
8 6 4
10 4 2
12 8 4
10 4 8
10 8 4
8 8 4
10 8 4
8 4 8
8 4 4
12 6 4

0.0 26.4 20.9 18.5 20.4 22.0 16.6 16.7 22.0 9.1 17.4
26.4 0.0 25.8 21.2 8.9 21.1 18.8 20.1 12.8 18.1 9.8
20.9 25.8 0.0 19.3 19.7 17.9 14.3 27.2 25.2 20.2 22.9
18.5 21.2 19.3 0.0 22.5 14.4 16.0 21.6 21.7 17.8 11.8
20.4 8.9 19.7 22.5 0.0 17.7 17.5 23.9 9.7 13.3 18.7
22.0 21.1 17.9 14.4 17.7 0.0 9.3 13.4 18.4 16.8 13.0
16.6 18.8 14.3 16.0 17.5 9.3 0.0 13.0 13.6 7.5 15.8
16.7 20.1 27.2 21.6 23.9 13.4 13.0 0.0 23.4 20.5 24.3
22.0 12.8 25.2 21.7 9.7 18.4 13.6 23.4 0.0 18.3 16.9
9.1 18.1 20.2 17.8 13.3 16.8 7.5 20.5 18.3 0.0 8.3
17.4 9.8 22.9 11.8 18.7 13.0 15.8 24.3 16.9 8.3 0.0