500

1001 0 5.0 1 3 0
1002 0 5.0 1 3 0
1003 0 10.0 1 7 0
1004 0 5.0 1 2 0
1005 0 15.0 1 0 0
1006 0 30.0 1 6 2
1007 2 10.0 1 0 0
1008 2 10.0 1 4 5
1009 0 50.0 1 7 6
1010 2 10.0 1 0 0
1011 1 50.0 1 3 2
1012 2 5.0 1 6 0
1013 2 50.0 1 6 0
1014 2 5.0 1 5 8
1015 0 5.0 1 5 4
1016 2 5.0 1 0 0
1017 1 30.0 1 0 0
1018 2 30.0 1 0 0
1019 0 5.0 1 0 0
1020 0 15.0 1 8 0
1021 0 50.0 1 5 6
1022 1 15.0 1 5 3
1023 0 50.0 1 3 6
1024 1 50.0 1 0 0
1025 2 50.0 1 0 0
1026 0 5.0 1 0 0
1027 0 50.0 1 0 0
1028 2 30.0 1 6 8
1029 0 15.0 1 0 0
1030 2 15.0 1 2 7
1031 1 50.0 1 0 0
1032 2 15.0 1 0 0
1033 0 5.0 1 8 0
1034 0 50.0 1 0 0
1035 0 50.0 1 0 0
1036 1 50.0 1 10 0
1037 0 5.0 1 9 0
1038 0 15.0 1 0 0
1039 2 15.0 1 0 0
1040 1 10.0 1 0 0
1041 2 5.0 1 0 0
1042 2 10.0 1 0 0
1043 1 10.0 1 0 0
1044 2 5.0 1 0 0
1045 2 10.0 1 0 0
1046 0 5.0 1 0 0
1047 2 5.0 1 8 4
1048 2 10.0 1 5 9
1049 0 5.0 1 3 9
1050 1 10.0 1 8 0
1051 0 5.0 2 1 0
1052 0 50.0 2 0 0
1053 0 10.0 2 4 0
1054 1 30.0 2 7 0
1055 2 50.0 2 1 3
1056 2 30.0 2 1 0
1057 1 10.0 2 0 0
1058 1 30.0 2 3 0
1059 0 10.0 2 9 0
1060 2 10.0 2 8 6
1061 2 10.0 2 3 5
1062 1 30.0 2 4 0
1063 1 50.0 2 0 0
1064 0 5.0 2 3 0
1065 2 10.0 2 0 0
1066 2 5.0 2 0 0
1067 0 5.0 2 0 0
1068 2 5.0 2 0 0
1069 0 10.0 2 0 0
1070 2 50.0 2 4 0
1071 1 50.0 2 8 0
1072 0 5.0 2 8 0
1073 1 10.0 2 1 8
1074 1 30.0 2 0 0
1075 0 50.0 2 0 0
1076 0 10.0 2 4 7
1077 2 30.0 2 0 0
1078 0 15.0 2 8 0
1079 2 5.0 2 0 0
1080 0 15.0 2 0 0
1081 0 50.0 2 0 0
1082 0 30.0 2 0 0
1083 2 30.0 2 4 9
1084 0 5.0 2 8 0
1085 0 30.0 2 0 0
1086 0 5.0 2 0 0
1087 2 5.0 2 0 0
1088 1 15.0 2 5 0
1089 2 30.0 2 4 0
1090 0 30.0 2 5 0
1091 0 50.0 2 0 0
1092 0 10.0 2 4 6
1093 0 50.0 2 0 0
1094 0 5.0 2 7 0
1095 0 10.0 2 0 0
1096 0 10.0 2 0 0
1097 2 50.0 2 10 1
1098 0 50.0 2 9 3
1099 1 15.0 2 10 0
1100 0 10.0 2 6 0
1101 0 5.0 3 8 1
1102 0 10.0 3 8 0
1103 0 15.0 3 7 0
1104 0 30.0 3 2 0
1105 2 10.0 3 5 0
1106 2 10.0 3 1 6
1107 2 50.0 3 4 8
1108 0 30.0 3 1 6
1109 0 10.0 3 6 9
1110 2 15.0 3 0 0
1111 0 15.0 3 7 0
1112 1 30.0 3 0 0
1113 2 30.0 3 10 0
1114 0 15.0 3 0 0
1115 0 50.0 3 1 0
1116 2 30.0 3 4 0
1117 0 15.0 3 9 0
1118 0 5.0 3 1 0
1119 0 50.0 3 9 8
1120 0 30.0 3 0 0
1121 0 10.0 3 1 0
1122 1 10.0 3 0 0
1123 2 10.0 3 10 5
1124 1 10.0 3 0 0
1125 0 50.0 3 0 0
1126 0 10.0 3 7 4
1127 0 5.0 3 2 8
1128 0 50.0 3 10 0
1129 1 15.0 3 0 0
1130 2 50.0 3 0 0
1131 0 10.0 3 10 0
1132 1 30.0 3 10 0
1133 0 30.0 3 5 0
1134 0 15.0 3 8 0
1135 0 5.0 3 6 0
1136 1 15.0 3 2 0
1137 0 10.0 3 9 0
1138 0 30.0 3 9 1
1139 0 15.0 3 8 5
1140 0 30.0 3 2 4
1141 0 50.0 3 0 0
1142 2 30.0 3 5 0
1143 1 15.0 3 0 0
1144 2 15.0 3 4 0
1145 0 50.0 3 0 0
1146 2 50.0 3 0 0
1147 0 50.0 3 0 0
1148 0 30.0 3 0 0
1149 0 15.0 3 0 0
1150 2 5.0 3 0 0
1151 0 50.0 4 9 0
1152 0 15.0 4 5 0
1153 0 10.0 4 3 0
1154 0 15.0 4 9 0
1155 1 30.0 4 7 0
1156 0 30.0 4 0 0
1157 0 10.0 4 7 0
1158 0 15.0 4 8 9
1159 2 10.0 4 3 9
1160 0 30.0 4 0 0
1161 0 5.0 4 3 9
1162 0 50.0 4 3 7
1163 0 5.0 4 1 0
1164 0 15.0 4 9 0
1165 2 30.0 4 2 0
1166 1 15.0 4 3 0
1167 2 10.0 4 5 3
1168 0 50.0 4 2 0
1169 1 30.0 4 1 0
1170 1 15.0 4 0 0
1171 2 10.0 4 0 0
1172 1 5.0 4 9 8
1173 0 5.0 4 5 7
1174 2 10.0 4 3 1
1175 0 10.0 4 1 6
1176 0 5.0 4 7 0
1177 2 15.0 4 5 7
1178 1 50.0 4 0 0
1179 0 5.0 4 6 3
1180 0 15.0 4 1 10
1181 0 5.0 4 7 0
1182 1 15.0 4 10 0
1183 1 15.0 4 9 0
1184 0 15.0 4 2 0
1185 0 10.0 4 6 0
1186 1 30.0 4 9 10
1187 0 5.0 4 7 0
1188 1 15.0 4 3 0
1189 0 50.0 4 0 0
1190 0 50.0 4 8 3
1191 2 15.0 4 1 3
1192 2 10.0 4 7 2
1193 0 15.0 4 9 5
1194 1 10.0 4 5 0
1195 2 10.0 4 9 6
1196 2 5.0 4 5 0
1197 0 5.0 4 1 0
1198 2 15.0 4 2 3
1199 1 30.0 4 8 0
1200 0 30.0 4 9 0
1201 2 50.0 5 4 0
1202 1 30.0 5 9 0
1203 2 30.0 5 10 6
1204 2 10.0 5 8 6
1205 1 30.0 5 6 4
1206 2 50.0 5 0 0
1207 2 5.0 5 6 0
1208 0 10.0 5 6 0
1209 1 10.0 5 0 0
1210 2 5.0 5 2 3
1211 2 15.0 5 10 6
1212 1 50.0 5 8 2
1213 0 5.0 5 8 10
1214 2 15.0 5 4 7
1215 1 5.0 5 0 0
1216 0 15.0 5 1 3
1217 0 15.0 5 4 8
1218 0 50.0 5 8 2
1219 0 5.0 5 4 9
1220 0 5.0 5 0 0
1221 0 10.0 5 6 3
1222 1 10.0 5 7 8
1223 1 15.0 5 10 6
1224 1 50.0 5 0 0
1225 0 50.0 5 8 10
1226 0 15.0 5 0 0
1227 1 5.0 5 6 3
1228 0 5.0 5 3 10
1229 2 15.0 5 3 8
1230 0 15.0 5 0 0
1231 0 30.0 5 9 8
1232 0 5.0 5 8 9
1233 2 30.0 5 0 0
1234 0 10.0 5 7 1
1235 1 5.0 5 0 0
1236 0 50.0 5 0 0
1237 0 50.0 5 2 8
1238 0 10.0 5 4 10
1239 1 30.0 5 2 8
1240 1 50.0 5 4 6
1241 2 5.0 5 7 9
1242 2 30.0 5 3 7
1243 0 15.0 5 4 9
1244 2 50.0 5 8 1
1245 2 15.0 5 8 1
1246 0 30.0 5 7 8
1247 2 50.0 5 3 0
1248 1 15.0 5 9 0
1249 1 10.0 5 4 3
1250 2 5.0 5 0 0
1251 0 10.0 6 8 9
1252 1 50.0 6 5 4
1253 0 5.0 6 7 10
1254 0 50.0 6 2 8
1255 1 5.0 6 8 4
1256 1 50.0 6 1 9
1257 0 10.0 6 5 1
1258 2 15.0 6 8 0
1259 0 10.0 6 10 0
1260 2 10.0 6 3 0
1261 2 50.0 6 3 0
1262 1 30.0 6 9 2
1263 0 30.0 6 3 9
1264 2 50.0 6 1 4
1265 1 30.0 6 7 8
1266 1 30.0 6 4 3
1267 2 30.0 6 10 5
1268 0 15.0 6 9 0
1269 2 50.0 6 7 0
1270 0 5.0 6 5 0
1271 0 50.0 6 0 0
1272 0 15.0 6 1 0
1273 2 30.0 6 8 0
1274 0 15.0 6 5 4
1275 1 30.0 6 9 0
1276 2 30.0 6 0 0
1277 1 5.0 6 4 0
1278 0 15.0 6 0 0
1279 1 50.0 6 3 0
1280 0 15.0 6 4 0
1281 1 50.0 6 8 0
1282 0 10.0 6 1 0
1283 2 15.0 6 4 8
1284 2 50.0 6 1 0
1285 2 30.0 6 0 0
1286 2 50.0 6 9 0
1287 0 50.0 6 5 0
1288 0 50.0 6 0 0
1289 0 10.0 6 0 0
1290 0 10.0 6 2 10
1291 0 50.0 6 0 0
1292 1 30.0 6 7 0
1293 2 10.0 6 1 2
1294 1 15.0 6 8 0
1295 2 10.0 6 8 1
1296 0 15.0 6 5 0
1297 0 10.0 6 2 0
1298 1 15.0 6 2 5
1299 2 10.0 6 0 0
1300 1 10.0 6 2 0
1301 2 5.0 7 8 0
1302 1 30.0 7 8 5
1303 0 15.0 7 0 0
1304 0 15.0 7 1 10
1305 1 5.0 7 8 0
1306 2 30.0 7 6 0
1307 1 15.0 7 5 1
1308 1 5.0 7 10 0
1309 0 15.0 7 9 0
1310 1 50.0 7 5 0
1311 0 10.0 7 5 8
1312 0 30.0 7 5 0
1313 1 50.0 7 1 6
1314 1 5.0 7 6 0
1315 1 50.0 7 5 0
1316 0 10.0 7 0 0
1317 0 30.0 7 4 2
1318 2 10.0 7 1 0
1319 2 30.0 7 5 0
1320 1 5.0 7 9 0
1321 2 30.0 7 0 0
1322 2 10.0 7 1 0
1323 0 30.0 7 4 0
1324 2 10.0 7 5 0
1325 0 5.0 7 8 0
1326 1 50.0 7 3 2
1327 2 30.0 7 0 0
1328 0 10.0 7 0 0
1329 0 15.0 7 0 0
1330 1 30.0 7 0 0
1331 0 15.0 7 4 10
1332 0 15.0 7 0 0
1333 0 15.0 7 0 0
1334 1 30.0 7 8 2
1335 1 5.0 7 0 0
1336 0 15.0 7 1 4
1337 1 30.0 7 9 0
1338 0 10.0 7 1 0
1339 1 10.0 7 5 0
1340 2 50.0 7 9 0
1341 1 10.0 7 0 0
1342 1 50.0 7 1 0
1343 0 10.0 7 9 5
1344 0 30.0 7 1 0
1345 2 30.0 7 2 0
1346 1 5.0 7 8 0
1347 0 50.0 7 10 1
1348 2 15.0 7 3 5
1349 0 15.0 7 0 0
1350 1 10.0 7 3 0
1351 0 10.0 8 5 0
1352 0 15.0 8 1 0
1353 0 30.0 8 1 0
1354 0 10.0 8 0 0
1355 2 10.0 8 6 0
1356 1 50.0 8 10 0
1357 2 50.0 8 9 1
1358 2 50.0 8 1 0
1359 1 5.0 8 10 0
1360 2 10.0 8 9 3
1361 2 15.0 8 3 0
1362 1 5.0 8 0 0
1363 0 10.0 8 6 0
1364 1 15.0 8 9 0
1365 0 15.0 8 10 2
1366 0 15.0 8 3 0
1367 2 5.0 8 10 0
1368 0 15.0 8 0 0
1369 1 5.0 8 10 0
1370 0 30.0 8 4 2
1371 2 15.0 8 7 0
1372 1 15.0 8 1 7
1373 0 5.0 8 3 0
1374 0 30.0 8 3 0
1375 1 50.0 8 3 0
1376 1 50.0 8 6 0
1377 0 50.0 8 4 0
1378 0 5.0 8 5 0
1379 1 30.0 8 4 0
1380 2 5.0 8 9 7
1381 0 50.0 8 1 0
1382 1 5.0 8 9 6
1383 0 5.0 8 10 9
1384 0 50.0 8 1 5
1385 1 5.0 8 10 2
1386 1 50.0 8 5 0
1387 0 30.0 8 6 0
1388 1 5.0 8 7 0
1389 1 30.0 8 10 0
1390 1 15.0 8 3 0
1391 2 5.0 8 1 0
1392 0 5.0 8 4 0
1393 0 10.0 8 9 1
1394 1 5.0 8 7 0
1395 2 30.0 8 3 0
1396 1 5.0 8 0 0
1397 0 30.0 8 4 0
1398 2 10.0 8 9 0
1399 0 30.0 8 5 0
1400 0 30.0 8 1 7
1401 2 50.0 9 6 0
1402 0 15.0 9 3 0
1403 0 5.0 9 6 0
1404 1 5.0 9 0 0
1405 1 5.0 9 1 0
1406 2 30.0 9 2 4
1407 0 30.0 9 6 0
1408 1 50.0 9 5 0
1409 0 50.0 9 5 0
1410 2 30.0 9 7 1
1411 1 15.0 9 6 0
1412 1 10.0 9 10 0
1413 0 30.0 9 2 0
1414 0 30.0 9 8 3
1415 0 30.0 9 0 0
1416 2 30.0 9 10 6
1417 1 30.0 9 7 0
1418 2 5.0 9 0 0
1419 2 30.0 9 0 0
1420 1 10.0 9 0 0
1421 2 30.0 9 0 0
1422 1 50.0 9 0 0
1423 0 15.0 9 0 0
1424 0 15.0 9 0 0
1425 0 5.0 9 0 0
1426 0 10.0 9 1 3
1427 0 30.0 9 0 0
1428 0 15.0 9 0 0
1429 2 15.0 9 8 0
1430 1 15.0 9 3 0
1431 1 10.0 9 3 0
1432 0 5.0 9 3 0
1433 2 5.0 9 6 7
1434 1 15.0 9 4 5
1435 1 5.0 9 8 0
1436 2 10.0 9 3 0
1437 0 50.0 9 1 0
1438 0 10.0 9 5 0
1439 0 5.0 9 5 0
1440 0 30.0 9 6 0
1441 0 30.0 9 10 0
1442 0 15.0 9 8 2
1443 1 10.0 9 4 3
1444 0 30.0 9 4 1
1445 1 50.0 9 2 6
1446 0 50.0 9 0 0
1447 1 30.0 9 0 0
1448 0 5.0 9 3 1
1449 0 15.0 9 0 0
1450 1 30.0 9 0 0
1451 0 30.0 10 0 0
1452 1 30.0 10 0 0
1453 0 10.0 10 0 0
1454 0 30.0 10 0 0
1455 2 15.0 10 0 0
1456 0 10.0 10 8 6
1457 0 30.0 10 0 0
1458 0 5.0 10 0 0
1459 2 10.0 10 3 2
1460 0 50.0 10 0 0
1461 0 10.0 10 0 0
1462 1 15.0 10 0 0
1463 0 10.0 10 0 0
1464 0 50.0 10 6 0
1465 0 10.0 10 6 0
1466 2 50.0 10 6 0
1467 0 30.0 10 1 7
1468 0 50.0 10 3 4
1469 0 50.0 10 0 0
1470 0 50.0 10 9 0
1471 0 5.0 10 0 0
1472 0 30.0 10 4 0
1473 0 5.0 10 2 0
1474 1 5.0 10 6 1
1475 0 30.0 10 0 0
1476 1 10.0 10 0 0
1477 0 50.0 10 0 0
1478 0 10.0 10 0 0
1479 2 50.0 10 1 0
1480 1 15.0 10 3 0
1481 0 5.0 10 0 0
1482 0 15.0 10 0 0
1483 2 15.0 10 0 0
1484 0 5.0 10 0 0
1485 0 50.0 10 0 0
1486 0 5.0 10 5 0
1487 0 10.0 10 8 0
1488 0 50.0 10 4 0
1489 0 15.0 10 3 0
1490 0 50.0 10 6 0
1491 0 5.0 10 8 6
1492 2 50.0 10 0 0
1493 0 15.0 10 0 0
1494 1 15.0 10 0 0
1495 0 15.0 10 9 0
1496 0 30.0 10 0 0
1497 0 15.0 10 0 0
1498 0 50.0 10 0 0
1499 1 10.0 10 0 0
1500 0 5.0 10 4 5