500

1001 0 50.0 1 3 0
1002 0 50.0 1 4 0
1003 2 10.0 1 4 2
1004 0 50.0 1 6 0
1005 2 15.0 1 7 0
1006 0 15.0 1 7 0
1007 2 30.0 1 9 0
1008 0 10.0 1 0 0
1009 2 30.0 1 3 0
1010 0 50.0 1 0 0
1011 0 10.0 1 9 0
1012 0 30.0 1 7 0
1013 0 50.0 1 4 0
1014 0 5.0 1 9 8
1015 1 10.0 1 8 5
1016 1 50.0 1 10 2
1017 2 5.0 1 5 4
1018 1 15.0 1 8 6
1019 1 50.0 1 2 0
1020 0 10.0 1 10 8
1021 0 15.0 1 0 0
1022 0 30.0 1 10 0
1023 2 10.0 1 8 0
1024 1 15.0 1 6 0
1025 1 15.0 1 8 0
1026 1 5.0 1 9 0
1027 0 30.0 1 2 6
1028 1 30.0 1 4 8
1029 0 15.0 1 7 0
1030 0 50.0 1 4 0
1031 1 5.0 1 5 0
1032 0 5.0 1 2 0
1033 0 50.0 1 9 3
1034 2 10.0 1 4 6
1035 1 30.0 1 6 3
1036 2 5.0 1 8 0
1037 0 10.0 1 0 0
1038 0 15.0 1 8 0
1039 0 30.0 1 10 0
1040 0 5.0 1 2 8
1041 0 15.0 1 0 0
1042 0 5.0 1 6 0
1043 0 50.0 1 10 0
1044 2 10.0 1 4 0
1045 1 10.0 1 3 0
1046 0 15.0 1 3 0
1047 1 10.0 1 6 0
1048 0 15.0 1 5 0
1049 1 50.0 1 2 0
1050 0 10.0 1 9 0
1051 0 15.0 2 0 0
1052 0 15.0 2 10 0
1053 0 30.0 2 1 8
1054 0 15.0 2 3 6
1055 0 50.0 2 3 5
1056 2 5.0 2 6 0
1057 1 50.0 2 6 0
1058 2 5.0 2 7 4
1059 0 10.0 2 4 3
1060 1 5.0 2 0 0
1061 0 15.0 2 0 0
1062 2 10.0 2 0 0
1063 0 30.0 2 1 0
1064 0 5.0 2 5 0
1065 0 5.0 2 6 0
1066 0 5.0 2 9 3
1067 0 50.0 2 8 9
1068 0 50.0 2 10 4
1069 0 10.0 2 9 0
1070 0 30.0 2 0 0
1071 1 50.0 2 0 0
1072 0 15.0 2 8 6
1073 2 5.0 2 4 1
1074 0 15.0 2 1 3
1075 0 10.0 2 9 4
1076 1 30.0 2 1 9
1077 0 5.0 2 0 0
1078 0 15.0 2 3 5
1079 0 10.0 2 0 0
1080 0 5.0 2 0 0
1081 1 50.0 2 6 0
1082 2 10.0 2 0 0
1083 2 50.0 2 0 0
1084 0 5.0 2 0 0
1085 0 50.0 2 6 5
1086 0 15.0 2 5 8
1087 2 15.0 2 6 5
1088 0 5.0 2 4 0
1089 1 30.0 2 7 5
1090 2 5.0 2 10 0
1091 1 50.0 2 10 8
1092 2 5.0 2 0 0
1093 1 10.0 2 7 6
1094 2 30.0 2 7 5
1095 2 5.0 2 7 1
1096 1 50.0 2 5 9
1097 0 5.0 2 4 5
1098 1 5.0 2 0 0
1099 0 30.0 2 0 0
1100 0 15.0 2 0 0
1101 0 15.0 3 0 0
1102 2 5.0 3 4 0
1103 0 10.0 3 0 0
1104 0 5.0 3 10 7
1105 0 50.0 3 5 7
1106 1 10.0 3 4 0
1107 2 50.0 3 4 0
1108 2 30.0 3 0 0
1109 1 5.0 3 9 0
1110 0 10.0 3 1 0
1111 0 10.0 3 9 8
1112 1 30.0 3 0 0
1113 1 5.0 3 0 0
1114 0 30.0 3 8 0
1115 1 5.0 3 9 2
1116 0 30.0 3 7 0
1117 0 15.0 3 5 0
1118 1 15.0 3 8 2
1119 0 30.0 3 0 0
1120 0 30.0 3 0 0
1121 1 50.0 3 8 0
1122 0 10.0 3 0 0
1123 0 15.0 3 7 0
1124 1 50.0 3 2 0
1125 2 30.0 3 10 0
1126 0 15.0 3 0 0
1127 0 10.0 3 6 9
1128 1 15.0 3 0 0
1129 0 10.0 3 7 0
1130 1 30.0 3 2 0
1131 1 5.0 3 8 0
1132 1 10.0 3 0 0
1133 1 15.0 3 9 0
1134 1 5.0 3 0 0
1135 2 10.0 3 0 0
1136 0 10.0 3 10 5
1137 1 50.0 3 8 4
1138 1 50.0 3 7 9
1139 0 10.0 3 1 8
1140 0 15.0 3 9 2
1141 1 10.0 3 0 0
1142 1 5.0 3 0 0
1143 1 10.0 3 4 2
1144 1 30.0 3 4 0
1145 0 50.0 3 1 0
1146 1 15.0 3 7 0
1147 1 5.0 3 2 6
1148 0 10.0 3 10 2
1149 0 5.0 3 8 0
1150 0 10.0 3 0 0
1151 2 50.0 4 0 0
1152 1 10.0 4 3 0
1153 0 5.0 4 9 0
1154 2 10.0 4 7 0
1155 0 5.0 4 9 0
1156 0 50.0 4 8 2
1157 0 10.0 4 8 0
1158 1 30.0 4 3 0
1159 2 5.0 4 0 0
1160 1 10.0 4 0 0
1161 2 10.0 4 2 5
1162 1 30.0 4 0 0
1163 1 50.0 4 10 2
1164 2 15.0 4 10 1
1165 0 15.0 4 10 6
1166 2 50.0 4 0 0
1167 1 30.0 4 2 9
1168 0 30.0 4 0 0
1169 2 10.0 4 7 9
1170 0 50.0 4 5 7
1171 1 30.0 4 7 8
1172 0 50.0 4 6 2
1173 0 15.0 4 9 6
1174 2 50.0 4 6 1
1175 0 30.0 4 7 1
1176 0 30.0 4 5 0
1177 1 50.0 4 10 0
1178 1 5.0 4 3 2
1179 0 15.0 4 0 0
1180 0 50.0 4 6 7
1181 1 50.0 4 8 3
1182 0 15.0 4 1 8
1183 2 50.0 4 8 6
1184 1 30.0 4 2 3
1185 2 10.0 4 9 2
1186 0 10.0 4 6 9
1187 1 5.0 4 6 5
1188 0 50.0 4 0 0
1189 0 50.0 4 1 2
1190 0 10.0 4 1 0
1191 0 5.0 4 10 0
1192 1 5.0 4 6 0
1193 0 10.0 4 3 0
1194 0 50.0 4 1 7
1195 0 10.0 4 5 1
1196 2 15.0 4 0 0
1197 0 50.0 4 10 0
1198 2 5.0 4 8 0
1199 0 10.0 4 1 8
1200 0 5.0 4 2 1
1201 0 15.0 5 0 0
1202 2 10.0 5 2 8
1203 0 50.0 5 0 0
1204 0 15.0 5 7 0
1205 0 30.0 5 4 6
1206 1 10.0 5 4 0
1207 0 50.0 5 0 0
1208 2 50.0 5 8 3
1209 1 30.0 5 10 0
1210 0 30.0 5 1 7
1211 2 10.0 5 0 0
1212 0 15.0 5 8 0
1213 0 30.0 5 9 0
1214 0 50.0 5 0 0
1215 1 5.0 5 0 0
1216 0 15.0 5 6 0
1217 0 30.0 5 8 7
1218 0 50.0 5 0 0
1219 2 5.0 5 7 6
1220 0 30.0 5 1 7
1221 0 15.0 5 10 7
1222 1 5.0 5 0 0
1223 0 5.0 5 9 0
1224 0 15.0 5 7 0
1225 0 5.0 5 8 0
1226 1 30.0 5 2 1
1227 2 15.0 5 0 0
1228 0 30.0 5 9 0
1229 0 5.0 5 3 0
1230 2 50.0 5 6 0
1231 2 5.0 5 1 0
1232 0 15.0 5 0 0
1233 0 10.0 5 8 1
1234 1 50.0 5 1 0
1235 0 5.0 5 10 2
1236 0 30.0 5 0 0
1237 0 30.0 5 9 0
1238 0 10.0 5 8 0
1239 0 10.0 5 0 0
1240 2 50.0 5 3 0
1241 0 30.0 5 0 0
1242 1 50.0 5 0 0
1243 1 30.0 5 7 0
1244 0 50.0 5 1 0
1245 2 10.0 5 0 0
1246 0 50.0 5 8 0
1247 1 30.0 5 7 1
1248 0 5.0 5 10 6
1249 1 50.0 5 4 0
1250 2 5.0 5 0 0
1251 0 10.0 6 5 0
1252 1 5.0 6 0 0
1253 1 15.0 6 7 9
1254 0 10.0 6 1 0
1255 2 50.0 6 1 0
1256 1 5.0 6 0 0
1257 2 50.0 6 1 0
1258 0 5.0 6 2 0
1259 2 50.0 6 5 0
1260 0 50.0 6 10 0
1261 0 5.0 6 8 0
1262 2 15.0 6 3 0
1263 1 5.0 6 0 0
1264 1 15.0 6 4 7
1265 2 5.0 6 5 8
1266 1 30.0 6 0 0
1267 2 10.0 6 0 0
1268 0 15.0 6 7 0
1269 1 10.0 6 8 0
1270 0 30.0 6 8 0
1271 0 30.0 6 1 0
1272 2 50.0 6 2 0
1273 0 5.0 6 2 0
1274 1 15.0 6 0 0
1275 0 30.0 6 0 0
1276 2 10.0 6 0 0
1277 1 50.0 6 0 0
1278 0 10.0 6 1 5
1279 1 50.0 6 4 2
1280 1 15.0 6 10 0
1281 2 15.0 6 3 0
1282 0 15.0 6 2 0
1283 0 5.0 6 10 0
1284 2 30.0 6 1 2
1285 1 15.0 6 3 5
1286 0 50.0 6 0 0
1287 2 50.0 6 5 3
1288 1 15.0 6 4 0
1289 0 50.0 6 1 0
1290 2 15.0 6 0 0
1291 0 50.0 6 10 0
1292 2 50.0 6 8 0
1293 1 50.0 6 0 0
1294 2 10.0 6 1 0
1295 1 15.0 6 0 0
1296 2 15.0 6 9 0
1297 1 50.0 6 3 0
1298 2 5.0 6 0 0
1299 2 15.0 6 0 0
1300 1 15.0 6 4 1
1301 2 10.0 7 0 0
1302 1 10.0 7 1 0
1303 2 10.0 7 0 0
1304 2 30.0 7 2 0
1305 0 5.0 7 0 0
1306 0 30.0 7 0 0
1307 0 5.0 7 4 8
1308 1 5.0 7 6 1
1309 0 30.0 7 0 0
1310 0 10.0 7 3 0
1311 2 50.0 7 0 0
1312 0 5.0 7 1 0
1313 2 30.0 7 0 0
1314 2 15.0 7 0 0
1315 2 30.0 7 9 6
1316 1 5.0 7 1 0
1317 0 30.0 7 0 0
1318 0 5.0 7 5 0
1319 0 30.0 7 6 3
1320 2 15.0 7 0 0
1321 2 50.0 7 6 5
1322 2 10.0 7 3 0
1323 2 15.0 7 1 3
1324 2 30.0 7 4 6
1325 0 5.0 7 1 3
1326 0 15.0 7 6 1
1327 0 10.0 7 4 1
1328 2 30.0 7 6 0
1329 2 15.0 7 2 0
1330 2 30.0 7 8 0
1331 2 30.0 7 0 0
1332 0 15.0 7 9 0
1333 0 10.0 7 5 1
1334 0 5.0 7 1 8
1335 1 15.0 7 4 3
1336 2 30.0 7 9 0
1337 0 10.0 7 2 4
1338 1 10.0 7 0 0
1339 2 30.0 7 2 0
1340 2 15.0 7 1 0
1341 0 5.0 7 4 0
1342 2 15.0 7 5 3
1343 0 5.0 7 0 0
1344 2 5.0 7 1 0
1345 1 30.0 7 6 0
1346 1 15.0 7 4 0
1347 0 30.0 7 0 0
1348 0 15.0 7 3 0
1349 1 15.0 7 5 0
1350 1 15.0 7 2 0
1351 2 30.0 8 0 0
1352 2 50.0 8 2 1
1353 2 15.0 8 3 6
1354 0 30.0 8 0 0
1355 1 30.0 8 0 0
1356 0 15.0 8 0 0
1357 1 50.0 8 0 0
1358 1 50.0 8 9 6
1359 2 10.0 8 2 7
1360 2 30.0 8 0 0
1361 0 50.0 8 5 0
1362 2 10.0 8 2 3
1363 0 30.0 8 7 0
1364 2 50.0 8 3 5
1365 0 10.0 8 1 5
1366 2 10.0 8 10 3
1367 0 50.0 8 10 0
1368 2 50.0 8 9 0
1369 2 15.0 8 6 1
1370 2 15.0 8 2 0
1371 0 30.0 8 1 0
1372 2 10.0 8 4 0
1373 0 15.0 8 0 0
1374 1 30.0 8 4 0
1375 0 15.0 8 0 0
1376 1 10.0 8 6 2
1377 1 30.0 8 0 0
1378 0 5.0 8 5 0
1379 0 15.0 8 0 0
1380 2 15.0 8 0 0
1381 1 50.0 8 0 0
1382 2 50.0 8 0 0
1383 2 50.0 8 6 0
1384 2 15.0 8 0 0
1385 1 5.0 8 0 0
1386 2 10.0 8 3 0
1387 2 10.0 8 9 0
1388 0 5.0 8 3 2
1389 0 10.0 8 0 0
1390 0 30.0 8 9 0
1391 0 30.0 8 0 0
1392 1 50.0 8 0 0
1393 0 5.0 8 5 4
1394 1 10.0 8 0 0
1395 1 10.0 8 10 0
1396 2 50.0 8 7 4
1397 1 15.0 8 0 0
1398 0 10.0 8 4 9
1399 0 5.0 8 9 0
1400 2 15.0 8 5 0
1401 1 30.0 9 0 0
1402 0 30.0 9 2 8
1403 1 10.0 9 0 0
1404 0 10.0 9 0 0
1405 2 30.0 9 0 0
1406 1 15.0 9 8 0
1407 2 30.0 9 10 2
1408 0 50.0 9 3 4
1409 2 10.0 9 4 0
1410 0 30.0 9 0 0
1411 0 15.0 9 0 0
1412 2 10.0 9 1 0
1413 0 15.0 9 10 3
1414 0 50.0 9 0 0
1415 2 15.0 9 0 0
1416 0 15.0 9 8 1
1417 0 15.0 9 3 8
1418 0 30.0 9 8 1
1419 1 5.0 9 0 0
1420 0 30.0 9 4 7
1421 0 50.0 9 0 0
1422 2 10.0 9 0 0
1423 1 10.0 9 10 0
1424 0 30.0 9 2 8
1425 0 30.0 9 5 0
1426 1 50.0 9 0 0
1427 0 5.0 9 0 0
1428 0 5.0 9 0 0
1429 1 50.0 9 10 5
1430 0 15.0 9 0 0
1431 0 30.0 9 5 0
1432 0 5.0 9 0 0
1433 0 10.0 9 4 3
1434 2 30.0 9 6 4
1435 0 15.0 9 0 0
1436 0 50.0 9 6 0
1437 0 50.0 9 0 0
1438 2 30.0 9 8 5
1439 0 30.0 9 0 0
1440 0 10.0 9 8 0
1441 2 15.0 9 0 0
1442 0 10.0 9 4 0
1443 2 5.0 9 0 0
1444 0 15.0 9 3 0
1445 0 50.0 9 5 2
1446 1 10.0 9 0 0
1447 0 50.0 9 6 7
1448 0 10.0 9 10 0
1449 0 5.0 9 0 0
1450 0 50.0 9 3 0
1451 0 10.0 10 7 0
1452 0 5.0 10 8 7
1453 1 10.0 10 0 0
1454 0 5.0 10 0 0
1455 2 30.0 10 7 0
1456 0 30.0 10 0 0
1457 0 15.0 10 0 0
1458 0 5.0 10 6 0
1459 2 50.0 10 0 0
1460 0 30.0 10 7 0
1461 2 5.0 10 8 0
1462 1 5.0 10 0 0
1463 1 30.0 10 0 0
1464 2 5.0 10 0 0
1465 0 30.0 10 0 0
1466 1 30.0 10 5 0
1467 0 50.0 10 1 3
1468 0 30.0 10 1 0
1469 0 10.0 10 0 0
1470 2 15.0 10 0 0
1471 0 50.0 10 2 0
1472 0 5.0 10 3 7
1473 2 10.0 10 2 0
1474 1 15.0 10 4 0
1475 0 5.0 10 9 0
1476 0 30.0 10 2 0
1477 0 5.0 10 5 0
1478 2 10.0 10 4 0
1479 0 50.0 10 0 0
1480 0 5.0 10 6 0
1481 1 10.0 10 6 0
1482 0 5.0 10 5 0
1483 1 50.0 10 0 0
1484 0 15.0 10 6 2
1485 0 10.0 10 3 0
1486 0 15.0 10 2 0
1487 1 10.0 10 1 0
1488 0 5.0 10 5 0
1489 2 50.0 10 6 1
1490 1 30.0 10 3 0
1491 0 50.0 10 3 0
1492 2 5.0 10 7 0
1493 0 5.0 10 7 0
1494 0 15.0 10 0 0
1495 1 30.0 10 5 0
1496 0 5.0 10 1 9
1497 2 15.0 10 0 0
1498 1 30.0 10 5 0
1499 0 5.0 10 0 0
1500 0 30.0 10 8 0