500

1001 1 5.0 1 3 0
1002 0 50.0 1 0 0
1003 0 10.0 1 4 2
1004 0 50.0 1 0 0
1005 2 30.0 1 7 10
1006 0 15.0 1 7 4
1007 2 30.0 1 0 0
1008 0 10.0 1 0 0
1009 2 30.0 1 0 0
1010 2 50.0 1 0 0
1011 2 10.0 1 9 7
1012 0 5.0 1 0 0
1013 2 50.0 1 4 7
1014 0 5.0 1 9 0
1015 1 10.0 1 8 0
1016 1 50.0 1 10 2
1017 2 30.0 1 5 0
1018 1 15.0 1 8 0
1019 1 50.0 1 2 0
1020 0 10.0 1 10 8
1021 0 15.0 1 0 0
1022 0 30.0 1 0 0
1023 2 10.0 1 8 6
1024 1 15.0 1 0 0
1025 2 15.0 1 0 0
1026 1 5.0 1 9 0
1027 0 30.0 1 0 0
1028 1 30.0 1 4 0
1029 1 15.0 1 0 0
1030 1 50.0 1 0 0
1031 1 5.0 1 5 4
1032 1 5.0 1 0 0
1033 1 50.0 1 9 3
1034 2 10.0 1 4 6
1035 1 30.0 1 6 3
1036 2 5.0 1 8 6
1037 2 10.0 1 0 0
1038 1 15.0 1 0 0
1039 1 30.0 1 0 0
1040 1 5.0 1 2 0
1041 1 15.0 1 0 0
1042 0 5.0 1 6 0
1043 0 50.0 1 0 0
1044 2 10.0 1 0 0
1045 1 10.0 1 3 6
1046 0 15.0 1 3 8
1047 1 10.0 1 6 7
1048 0 15.0 1 5 6
1049 1 50.0 1 2 9
1050 0 10.0 1 9 3
1051 2 15.0 2 0 0
1052 0 15.0 2 0 0
1053 1 30.0 2 1 0
1054 0 15.0 2 0 0
1055 0 50.0 2 3 0
1056 0 30.0 2 0 0
1057 0 15.0 2 6 0
1058 2 5.0 2 7 4
1059 0 10.0 2 0 0
1060 1 5.0 2 0 0
1061 0 15.0 2 6 0
1062 2 10.0 2 1 0
1063 0 30.0 2 1 0
1064 0 5.0 2 0 0
1065 2 5.0 2 0 0
1066 1 5.0 2 9 3
1067 1 50.0 2 8 9
1068 2 50.0 2 10 4
1069 0 10.0 2 0 0
1070 0 30.0 2 0 0
1071 0 50.0 2 10 5
1072 0 15.0 2 8 0
1073 0 5.0 2 0 0
1074 0 15.0 2 1 0
1075 2 10.0 2 9 0
1076 0 5.0 2 1 0
1077 0 5.0 2 9 0
1078 1 15.0 2 3 0
1079 0 10.0 2 1 0
1080 0 5.0 2 4 0
1081 1 50.0 2 6 0
1082 2 10.0 2 0 0
1083 2 50.0 2 0 0
1084 1 5.0 2 0 0
1085 1 50.0 2 6 5
1086 0 15.0 2 5 8
1087 2 15.0 2 0 0
1088 0 5.0 2 0 0
1089 1 30.0 2 7 0
1090 2 5.0 2 10 0
1091 1 50.0 2 10 0
1092 2 5.0 2 0 0
1093 1 10.0 2 7 0
1094 2 30.0 2 7 0
1095 2 5.0 2 7 0
1096 1 50.0 2 5 0
1097 2 5.0 2 4 0
1098 2 5.0 2 0 0
1099 1 30.0 2 7 5
1100 0 30.0 2 0 0
1101 0 15.0 3 10 0
1102 2 5.0 3 4 0
1103 0 10.0 3 0 0
1104 0 5.0 3 10 0
1105 0 50.0 3 0 0
1106 0 10.0 3 4 7
1107 0 50.0 3 4 6
1108 0 30.0 3 0 0
1109 1 5.0 3 0 0
1110 0 10.0 3 0 0
1111 1 10.0 3 9 8
1112 0 30.0 3 2 6
1113 1 50.0 3 2 5
1114 0 30.0 3 8 1
1115 0 5.0 3 0 0
1116 0 5.0 3 0 0
1117 0 15.0 3 0 0
1118 0 15.0 3 8 0
1119 0 30.0 3 0 0
1120 0 30.0 3 9 0
1121 1 50.0 3 8 0
1122 1 10.0 3 0 0
1123 2 15.0 3 7 2
1124 1 50.0 3 2 0
1125 2 30.0 3 10 4
1126 0 15.0 3 6 0
1127 0 10.0 3 6 9
1128 1 15.0 3 0 0
1129 0 10.0 3 7 9
1130 1 30.0 3 0 0
1131 2 5.0 3 8 0
1132 1 10.0 3 9 0
1133 2 15.0 3 9 0
1134 1 5.0 3 0 0
1135 2 10.0 3 10 8
1136 0 10.0 3 10 5
1137 0 50.0 3 8 4
1138 0 50.0 3 7 0
1139 0 10.0 3 1 8
1140 0 15.0 3 9 0
1141 0 10.0 3 10 0
1142 1 5.0 3 7 5
1143 0 10.0 3 4 0
1144 1 30.0 3 4 0
1145 0 50.0 3 1 0
1146 0 15.0 3 7 6
1147 1 5.0 3 0 0
1148 0 10.0 3 10 2
1149 0 5.0 3 8 0
1150 2 10.0 3 10 0
1151 0 50.0 4 0 0
1152 0 10.0 4 3 0
1153 0 5.0 4 6 0
1154 0 10.0 4 7 0
1155 0 5.0 4 9 0
1156 0 50.0 4 8 0
1157 0 10.0 4 0 0
1158 1 30.0 4 3 0
1159 0 5.0 4 0 0
1160 1 10.0 4 2 0
1161 0 10.0 4 0 0
1162 0 5.0 4 7 0
1163 0 10.0 4 10 0
1164 0 15.0 4 10 0
1165 0 15.0 4 10 6
1166 0 50.0 4 0 0
1167 0 30.0 4 2 0
1168 0 30.0 4 0 0
1169 0 10.0 4 7 9
1170 1 50.0 4 5 0
1171 2 30.0 4 7 0
1172 0 50.0 4 6 0
1173 0 30.0 4 9 6
1174 2 50.0 4 6 1
1175 0 30.0 4 7 0
1176 0 30.0 4 5 0
1177 0 50.0 4 10 0
1178 0 5.0 4 3 0
1179 0 15.0 4 9 0
1180 0 50.0 4 6 0
1181 1 50.0 4 8 3
1182 0 15.0 4 0 0
1183 0 50.0 4 8 0
1184 0 30.0 4 0 0
1185 0 10.0 4 9 2
1186 0 10.0 4 6 9
1187 1 5.0 4 6 5
1188 0 50.0 4 0 0
1189 0 50.0 4 1 2
1190 0 10.0 4 1 0
1191 0 5.0 4 10 0
1192 1 5.0 4 6 0
1193 0 10.0 4 3 0
1194 0 50.0 4 1 7
1195 0 10.0 4 0 0
1196 2 15.0 4 2 0
1197 0 50.0 4 10 0
1198 2 5.0 4 8 0
1199 0 10.0 4 1 8
1200 0 50.0 4 2 1
1201 0 15.0 5 1 8
1202 2 10.0 5 0 0
1203 0 50.0 5 0 0
1204 0 15.0 5 7 0
1205 0 30.0 5 4 0
1206 1 10.0 5 4 0
1207 0 50.0 5 0 0
1208 2 50.0 5 8 3
1209 2 30.0 5 10 6
1210 0 30.0 5 1 7
1211 0 10.0 5 0 0
1212 0 15.0 5 8 0
1213 2 30.0 5 9 0
1214 0 50.0 5 2 0
1215 1 5.0 5 0 0
1216 0 15.0 5 6 0
1217 0 30.0 5 8 0
1218 0 50.0 5 7 0
1219 2 5.0 5 7 6
1220 0 30.0 5 1 7
1221 2 15.0 5 10 0
1222 1 5.0 5 1 0
1223 0 5.0 5 9 0
1224 0 15.0 5 7 0
1225 0 30.0 5 8 4
1226 1 30.0 5 2 0
1227 2 15.0 5 3 7
1228 0 30.0 5 9 0
1229 0 5.0 5 3 0
1230 2 50.0 5 6 0
1231 2 5.0 5 1 0
1232 0 15.0 5 10 0
1233 1 10.0 5 8 0
1234 0 50.0 5 1 2
1235 0 5.0 5 10 2
1236 0 30.0 5 0 0
1237 0 30.0 5 9 0
1238 1 50.0 5 8 2
1239 0 10.0 5 9 0
1240 0 50.0 5 3 0
1241 0 30.0 5 0 0
1242 0 50.0 5 0 0
1243 0 30.0 5 7 0
1244 0 50.0 5 1 0
1245 2 10.0 5 0 0
1246 0 10.0 5 8 0
1247 1 30.0 5 7 0
1248 1 5.0 5 10 6
1249 1 50.0 5 4 0
1250 2 5.0 5 0 0
1251 0 10.0 6 5 0
1252 0 5.0 6 5 3
1253 0 15.0 6 7 0
1254 0 10.0 6 1 9
1255 0 50.0 6 1 0
1256 1 5.0 6 0 0
1257 0 50.0 6 1 0
1258 0 5.0 6 2 0
1259 0 50.0 6 5 0
1260 0 50.0 6 10 0
1261 0 5.0 6 8 0
1262 2 15.0 6 3 0
1263 1 5.0 6 4 0
1264 1 15.0 6 4 7
1265 2 5.0 6 5 8
1266 1 30.0 6 0 0
1267 0 10.0 6 4 5
1268 0 15.0 6 7 9
1269 1 10.0 6 0 0
1270 0 30.0 6 0 0
1271 0 30.0 6 1 0
1272 0 50.0 6 2 0
1273 0 5.0 6 2 0
1274 1 15.0 6 1 0
1275 2 30.0 6 8 0
1276 2 10.0 6 8 0
1277 1 50.0 6 0 0
1278 0 10.0 6 1 0
1279 0 50.0 6 4 2
1280 0 30.0 6 10 5
1281 0 15.0 6 3 8
1282 0 15.0 6 2 9
1283 0 5.0 6 10 7
1284 2 30.0 6 1 2
1285 1 15.0 6 3 0
1286 0 50.0 6 0 0
1287 2 50.0 6 5 3
1288 1 15.0 6 4 0
1289 0 50.0 6 1 0
1290 2 15.0 6 0 0
1291 0 50.0 6 10 2
1292 0 50.0 6 8 2
1293 0 50.0 6 7 0
1294 0 10.0 6 1 0
1295 1 15.0 6 2 0
1296 2 15.0 6 9 0
1297 0 50.0 6 3 0
1298 0 5.0 6 0 0
1299 0 15.0 6 0 0
1300 0 15.0 6 4 0
1301 0 10.0 7 8 0
1302 1 10.0 7 1 0
1303 0 10.0 7 8 0
1304 2 30.0 7 2 5
1305 1 5.0 7 0 0
1306 0 30.0 7 0 0
1307 0 5.0 7 4 8
1308 0 5.0 7 0 0
1309 0 30.0 7 0 0
1310 0 10.0 7 3 0
1311 2 50.0 7 0 0
1312 0 5.0 7 1 6
1313 0 30.0 7 0 0
1314 0 15.0 7 0 0
1315 2 30.0 7 9 6
1316 1 5.0 7 1 0
1317 0 30.0 7 2 0
1318 0 5.0 7 5 0
1319 0 30.0 7 6 3
1320 0 15.0 7 1 0
1321 0 50.0 7 6 5
1322 2 10.0 7 3 0
1323 2 15.0 7 1 3
1324 2 30.0 7 4 6
1325 1 5.0 7 1 3
1326 1 15.0 7 6 1
1327 1 10.0 7 4 0
1328 0 30.0 7 6 0
1329 2 15.0 7 0 0
1330 0 30.0 7 0 0
1331 2 30.0 7 0 0
1332 0 15.0 7 0 0
1333 0 30.0 7 0 0
1334 0 5.0 7 1 8
1335 1 15.0 7 4 3
1336 2 30.0 7 9 6
1337 0 10.0 7 2 4
1338 0 10.0 7 0 0
1339 2 30.0 7 0 0
1340 0 15.0 7 0 0
1341 0 5.0 7 0 0
1342 2 15.0 7 0 0
1343 0 5.0 7 10 5
1344 0 5.0 7 1 0
1345 0 30.0 7 6 1
1346 1 15.0 7 4 1
1347 0 30.0 7 6 3
1348 0 15.0 7 6 3
1349 1 15.0 7 5 0
1350 1 15.0 7 2 0
1351 2 30.0 8 0 0
1352 2 50.0 8 2 0
1353 2 15.0 8 3 0
1354 0 30.0 8 0 0
1355 1 30.0 8 5 0
1356 0 15.0 8 0 0
1357 0 50.0 8 0 0
1358 0 50.0 8 9 6
1359 2 10.0 8 2 7
1360 2 30.0 8 1 0
1361 1 50.0 8 5 1
1362 2 10.0 8 0 0
1363 0 30.0 8 0 0
1364 2 50.0 8 3 5
1365 2 10.0 8 1 0
1366 2 10.0 8 10 0
1367 1 50.0 8 10 0
1368 2 50.0 8 9 0
1369 2 15.0 8 6 0
1370 2 15.0 8 2 0
1371 0 10.0 8 1 2
1372 2 10.0 8 0 0
1373 1 15.0 8 0 0
1374 2 30.0 8 0 0
1375 2 15.0 8 0 0
1376 1 10.0 8 0 0
1377 1 30.0 8 2 0
1378 0 5.0 8 5 0
1379 0 15.0 8 0 0
1380 2 15.0 8 0 0
1381 1 50.0 8 3 0
1382 2 50.0 8 9 0
1383 2 50.0 8 6 0
1384 2 15.0 8 1 6
1385 1 5.0 8 2 0
1386 2 10.0 8 3 0
1387 2 10.0 8 9 0
1388 1 5.0 8 3 0
1389 0 10.0 8 3 0
1390 0 30.0 8 0 0
1391 1 30.0 8 0 0
1392 0 50.0 8 2 7
1393 0 5.0 8 5 4
1394 1 10.0 8 7 9
1395 1 10.0 8 10 9
1396 2 50.0 8 7 4
1397 1 15.0 8 1 0
1398 0 30.0 8 0 0
1399 2 5.0 8 0 0
1400 2 15.0 8 0 0
1401 1 30.0 9 1 0
1402 0 30.0 9 2 0
1403 2 10.0 9 5 2
1404 0 10.0 9 4 6
1405 2 30.0 9 6 0
1406 1 15.0 9 8 5
1407 2 30.0 9 10 0
1408 0 50.0 9 3 0
1409 2 10.0 9 4 6
1410 1 30.0 9 0 0
1411 1 15.0 9 5 10
1412 2 10.0 9 1 3
1413 1 15.0 9 10 3
1414 2 50.0 9 0 0
1415 2 15.0 9 0 0
1416 0 15.0 9 8 1
1417 0 15.0 9 3 8
1418 0 30.0 9 8 1
1419 1 5.0 9 3 0
1420 0 30.0 9 4 7
1421 0 50.0 9 1 0
1422 2 10.0 9 2 0
1423 1 10.0 9 10 0
1424 2 30.0 9 2 0
1425 0 30.0 9 5 3
1426 1 50.0 9 0 0
1427 1 5.0 9 0 0
1428 1 5.0 9 0 0
1429 1 50.0 9 10 5
1430 0 15.0 9 4 8
1431 0 30.0 9 0 0
1432 0 5.0 9 1 0
1433 0 10.0 9 4 0
1434 2 30.0 9 0 0
1435 1 15.0 9 0 0
1436 1 50.0 9 6 8
1437 2 50.0 9 0 0
1438 2 30.0 9 0 0
1439 1 30.0 9 0 0
1440 2 10.0 9 8 10
1441 2 15.0 9 1 0
1442 0 10.0 9 4 3
1443 2 5.0 9 0 0
1444 0 15.0 9 3 0
1445 0 50.0 9 0 0
1446 1 10.0 9 7 8
1447 0 50.0 9 6 0
1448 0 10.0 9 10 0
1449 0 5.0 9 7 5
1450 1 50.0 9 3 8
1451 0 10.0 10 0 0
1452 0 5.0 10 8 0
1453 1 10.0 10 0 0
1454 2 5.0 10 0 0
1455 2 30.0 10 7 3
1456 0 30.0 10 0 0
1457 0 15.0 10 0 0
1458 2 5.0 10 0 0
1459 2 50.0 10 8 2
1460 0 15.0 10 7 3
1461 2 5.0 10 8 9
1462 1 5.0 10 3 0
1463 1 30.0 10 1 0
1464 2 5.0 10 0 0
1465 0 30.0 10 3 0
1466 1 10.0 10 5 0
1467 0 50.0 10 1 0
1468 1 30.0 10 1 0
1469 0 50.0 10 3 4
1470 2 15.0 10 6 3
1471 1 50.0 10 2 1
1472 1 5.0 10 3 0
1473 2 10.0 10 2 0
1474 1 15.0 10 4 0
1475 0 5.0 10 9 4
1476 0 30.0 10 0 0
1477 2 5.0 10 0 0
1478 2 10.0 10 4 0
1479 0 50.0 10 7 0
1480 0 5.0 10 6 7
1481 1 10.0 10 6 0
1482 0 5.0 10 5 0
1483 0 50.0 10 1 0
1484 2 15.0 10 0 0
1485 1 10.0 10 3 6
1486 0 15.0 10 0 0
1487 1 10.0 10 1 9
1488 0 5.0 10 0 0
1489 2 50.0 10 6 1
1490 1 15.0 10 3 9
1491 0 50.0 10 3 9
1492 2 5.0 10 0 0
1493 0 5.0 10 0 0
1494 0 15.0 10 0 0
1495 2 30.0 10 0 0
1496 2 5.0 10 1 9
1497 2 15.0 10 2 4
1498 1 15.0 10 0 0
1499 2 5.0 10 4 7
1500 1 30.0 10 0 0