500

1001 1 10.0 1 6 0
1002 0 50.0 1 0 0
1003 0 10.0 1 10 0
1004 0 30.0 1 0 0
1005 0 50.0 1 0 0
1006 0 10.0 1 0 0
1007 2 15.0 1 0 0
1008 0 50.0 1 0 0
1009 0 50.0 1 0 0
1010 0 30.0 1 0 0
1011 0 15.0 1 0 0
1012 0 30.0 1 0 0
1013 0 15.0 1 6 2
1014 2 15.0 1 8 9
1015 0 10.0 1 3 0
1016 0 10.0 1 4 0
1017 1 15.0 1 2 0
1018 2 50.0 1 9 0
1019 2 10.0 1 5 0
1020 1 30.0 1 0 0
1021 1 10.0 1 0 0
1022 1 30.0 1 6 3
1023 1 15.0 1 2 0
1024 0 15.0 1 9 0
1025 2 30.0 1 9 0
1026 1 30.0 1 7 0
1027 0 15.0 1 4 0
1028 0 50.0 1 3 0
1029 0 15.0 1 8 6
1030 0 30.0 1 0 0
1031 1 50.0 1 0 0
1032 1 15.0 1 0 0
1033 2 50.0 1 0 0
1034 0 10.0 1 9 0
1035 1 50.0 1 9 0
1036 2 5.0 1 6 0
1037 0 50.0 1 10 0
1038 2 50.0 1 9 2
1039 0 30.0 1 3 0
1040 0 15.0 1 2 0
1041 0 10.0 1 6 0
1042 1 30.0 1 0 0
1043 0 5.0 1 9 3
1044 2 30.0 1 7 4
1045 1 5.0 1 0 0
1046 0 30.0 1 0 0
1047 2 5.0 1 0 0
1048 1 10.0 1 3 0
1049 2 50.0 1 7 0
1050 0 30.0 1 5 0
1051 0 50.0 2 0 0
1052 2 5.0 2 0 0
1053 1 5.0 2 10 0
1054 2 10.0 2 9 7
1055 1 5.0 2 0 0
1056 0 30.0 2 10 0
1057 2 5.0 2 3 4
1058 1 10.0 2 0 0
1059 1 5.0 2 0 0
1060 1 5.0 2 0 0
1061 2 5.0 2 0 0
1062 0 30.0 2 7 9
1063 0 30.0 2 0 0
1064 2 5.0 2 0 0
1065 0 15.0 2 5 7
1066 0 30.0 2 1 0
1067 0 15.0 2 0 0
1068 2 30.0 2 5 8
1069 0 30.0 2 6 0
1070 1 10.0 2 0 0
1071 1 50.0 2 8 0
1072 2 50.0 2 0 0
1073 0 30.0 2 7 0
1074 0 10.0 2 0 0
1075 1 50.0 2 0 0
1076 0 5.0 2 0 0
1077 0 5.0 2 7 5
1078 0 50.0 2 0 0
1079 1 30.0 2 3 0
1080 1 5.0 2 4 0
1081 2 10.0 2 3 6
1082 0 50.0 2 9 0
1083 2 10.0 2 3 5
1084 0 30.0 2 4 7
1085 1 15.0 2 0 0
1086 0 5.0 2 8 0
1087 0 30.0 2 0 0
1088 0 5.0 2 0 0
1089 2 10.0 2 0 3
1090 1 15.0 2 1 0
1091 0 5.0 2 0 0
1092 0 50.0 2 9 0
1093 2 15.0 2 0 0
1094 2 10.0 2 0 0
1095 1 10.0 2 0 0
1096 0 15.0 2 6 0
1097 2 30.0 2 0 0
1098 2 50.0 2 0 0
1099 0 5.0 2 0 0
1100 0 10.0 2 0 0
1101 1 30.0 3 6 10
1102 0 5.0 3 0 0
1103 1 10.0 3 5 7
1104 0 30.0 3 4 0
1105 0 5.0 3 8 0
1106 2 10.0 3 0 0
1107 0 10.0 3 2 8
1108 2 50.0 3 8 0
1109 0 5.0 3 2 0
1110 0 15.0 3 0 0
1111 2 10.0 3 7 0
1112 0 10.0 3 4 0
1113 0 5.0 3 0 0
1114 1 10.0 3 0 0
1115 1 50.0 3 0 0
1116 0 10.0 3 9 2
1117 2 30.0 3 2 6
1118 2 15.0 3 10 9
1119 1 5.0 3 6 7
1120 0 50.0 3 6 4
1121 1 15.0 3 10 2
1122 0 5.0 3 0 0
1123 0 30.0 3 0 0
1124 0 10.0 3 7 1
1125 1 30.0 3 0 0
1126 0 15.0 3 0 0
1127 0 50.0 3 1 0
1128 0 5.0 3 6 8
1129 0 50.0 3 2 8
1130 1 15.0 3 10 4
1131 2 50.0 3 0 0
1132 0 10.0 3 0 0
1133 0 10.0 3 6 0
1134 0 30.0 3 5 0
1135 0 15.0 3 8 6
1136 2 15.0 3 8 9
1137 0 50.0 3 2 4
1138 2 50.0 3 8 6
1139 0 30.0 3 6 0
1140 1 30.0 3 4 6
1141 1 5.0 3 8 7
1142 2 5.0 3 1 2
1143 0 15.0 3 6 0
1144 2 30.0 3 1 0
1145 2 50.0 3 0 0
1146 1 50.0 3 0 0
1147 0 10.0 3 0 0
1148 0 30.0 3 7 2
1149 0 30.0 3 4 0
1150 1 15.0 3 1 0
1151 0 50.0 4 8 7
1152 2 30.0 4 2 1
1153 2 30.0 4 10 2
1154 0 5.0 4 0 0
1155 1 10.0 4 2 0
1156 0 5.0 4 5 0
1157 0 15.0 4 3 0
1158 0 10.0 4 8 0
1159 1 10.0 4 10 5
1160 0 30.0 4 6 7
1161 1 15.0 4 6 3
1162 0 30.0 4 9 0
1163 1 15.0 4 9 0
1164 2 30.0 4 10 0
1165 1 5.0 4 0 0
1166 0 15.0 4 3 7
1167 1 50.0 4 7 1
1168 0 15.0 4 1 0
1169 0 30.0 4 5 1
1170 1 30.0 4 6 3
1171 0 10.0 4 9 1
1172 0 10.0 4 0 0
1173 1 15.0 4 0 0
1174 2 5.0 4 5 0
1175 0 5.0 4 7 0
1176 0 15.0 4 6 0
1177 1 30.0 4 0 0
1178 0 50.0 4 0 0
1179 0 5.0 4 5 2
1180 0 50.0 4 6 1
1181 2 50.0 4 6 1
1182 2 10.0 4 9 5
1183 1 50.0 4 3 0
1184 1 50.0 4 6 0
1185 0 15.0 4 0 0
1186 0 5.0 4 10 0
1187 0 10.0 4 5 7
1188 0 30.0 4 2 0
1189 0 5.0 4 1 0
1190 1 50.0 4 3 0
1191 1 50.0 4 7 0
1192 0 30.0 4 0 0
1193 2 5.0 4 7 0
1194 1 50.0 4 7 0
1195 1 30.0 4 8 7
1196 0 50.0 4 6 0
1197 0 50.0 4 0 0
1198 1 5.0 4 2 5
1199 0 5.0 4 5 8
1200 2 10.0 4 9 8
1201 1 5.0 5 9 1
1202 1 10.0 5 2 4
1203 0 30.0 5 3 6
1204 0 50.0 5 0 0
1205 1 50.0 5 6 0
1206 2 5.0 5 3 0
1207 0 5.0 5 10 0
1208 0 50.0 5 0 0
1209 1 30.0 5 8 0
1210 2 30.0 5 3 0
1211 2 30.0 5 0 0
1212 0 10.0 5 0 0
1213 0 10.0 5 10 0
1214 1 5.0 5 8 6
1215 0 5.0 5 1 8
1216 2 15.0 5 0 0
1217 1 5.0 5 3 7
1218 2 30.0 5 10 0
1219 2 5.0 5 7 0
1220 1 5.0 5 2 0
1221 0 30.0 5 4 8
1222 2 50.0 5 8 0
1223 2 10.0 5 4 6
1224 1 5.0 5 6 0
1225 0 50.0 5 1 8
1226 1 10.0 5 10 1
1227 0 10.0 5 10 4
1228 2 15.0 5 10 0
1229 0 10.0 5 1 0
1230 1 10.0 5 1 0
1231 1 10.0 5 3 7
1232 0 50.0 5 4 2
1233 1 10.0 5 8 0
1234 0 15.0 5 0 0
1235 1 5.0 5 6 0
1236 0 10.0 5 9 7
1237 2 10.0 5 1 0
1238 0 15.0 5 6 0
1239 2 50.0 5 6 0
1240 0 15.0 5 1 0
1241 0 15.0 5 7 0
1242 1 10.0 5 6 0
1243 0 5.0 5 3 2
1244 0 30.0 5 10 0
1245 1 10.0 5 2 3
1246 0 30.0 5 0 0
1247 2 30.0 5 0 0
1248 0 5.0 5 0 0
1249 2 10.0 5 1 8
1250 0 15.0 5 6 0
1251 2 5.0 6 8 0
1252 0 10.0 6 7 3
1253 0 50.0 6 9 5
1254 1 15.0 6 7 5
1255 0 15.0 6 8 7
1256 0 50.0 6 3 0
1257 2 15.0 6 8 2
1258 0 15.0 6 2 7
1259 2 15.0 6 2 8
1260 0 50.0 6 0 0
1261 0 10.0 6 2 0
1262 0 15.0 6 2 3
1263 1 30.0 6 0 0
1264 0 30.0 6 8 0
1265 2 15.0 6 1 0
1266 0 30.0 6 0 0
1267 0 50.0 6 4 0
1268 0 5.0 6 3 0
1269 1 30.0 6 3 0
1270 0 10.0 6 2 0
1271 0 5.0 6 10 0
1272 0 30.0 6 5 0
1273 2 30.0 6 5 3
1274 0 50.0 6 2 3
1275 2 30.0 6 8 0
1276 2 15.0 6 5 2
1277 0 15.0 6 10 9
1278 0 10.0 6 9 5
1279 1 50.0 6 4 0
1280 2 15.0 6 4 0
1281 0 30.0 6 7 0
1282 1 10.0 6 4 0
1283 0 5.0 6 1 0
1284 2 5.0 6 2 8
1285 1 50.0 6 0 0
1286 2 50.0 6 0 0
1287 0 15.0 6 10 8
1288 0 30.0 6 0 0
1289 0 50.0 6 0 0
1290 2 5.0 6 8 0
1291 0 30.0 6 9 0
1292 0 10.0 6 7 0
1293 0 50.0 6 4 0
1294 0 5.0 6 9 0
1295 0 5.0 6 2 4
1296 0 5.0 6 10 0
1297 0 5.0 6 10 0
1298 1 50.0 6 4 0
1299 0 15.0 6 7 0
1300 0 15.0 6 8 0
1301 0 50.0 7 10 1
1302 1 10.0 7 2 0
1303 1 10.0 7 10 0
1304 0 50.0 7 4 0
1305 0 5.0 7 10 0
1306 1 10.0 7 0 0
1307 2 15.0 7 0 0
1308 0 5.0 7 0 0
1309 0 10.0 7 0 0
1310 0 5.0 7 0 0
1311 2 5.0 7 0 0
1312 0 50.0 7 3 0
1313 0 15.0 7 0 0
1314 2 15.0 7 3 0
1315 1 10.0 7 0 0
1316 2 15.0 7 6 3
1317 0 30.0 7 5 4
1318 0 30.0 7 3 2
1319 0 15.0 7 10 0
1320 0 5.0 7 8 2
1321 0 5.0 7 10 0
1322 1 30.0 7 3 1
1323 0 10.0 7 1 0
1324 0 30.0 7 8 0
1325 0 5.0 7 8 0
1326 0 30.0 7 1 0
1327 0 10.0 7 4 0
1328 1 10.0 7 2 1
1329 0 15.0 7 6 0
1330 2 30.0 7 3 0
1331 0 50.0 7 8 0
1332 1 30.0 7 9 0
1333 0 10.0 7 8 0
1334 1 15.0 7 3 2
1335 0 10.0 7 3 0
1336 2 15.0 7 8 2
1337 1 10.0 7 3 4
1338 2 5.0 7 10 0
1339 0 10.0 7 4 0
1340 0 15.0 7 10 0
1341 2 30.0 7 4 1
1342 0 15.0 7 10 5
1343 0 15.0 7 4 0
1344 1 10.0 7 8 1
1345 2 5.0 7 6 5
1346 1 50.0 7 4 0
1347 0 50.0 7 0 0
1348 0 5.0 7 6 3
1349 2 15.0 7 5 0
1350 0 15.0 7 0 0
1351 1 50.0 8 0 0
1352 0 10.0 8 4 0
1353 2 50.0 8 10 2
1354 2 5.0 8 9 0
1355 1 5.0 8 2 7
1356 0 15.0 8 7 5
1357 1 30.0 8 0 0
1358 2 50.0 8 0 0
1359 2 5.0 8 7 3
1360 2 10.0 8 7 2
1361 2 50.0 8 2 4
1362 0 5.0 8 0 0
1363 0 5.0 8 0 0
1364 1 5.0 8 9 0
1365 1 50.0 8 0 0
1366 1 10.0 8 0 0
1367 0 30.0 8 0 0
1368 1 15.0 8 3 1
1369 2 30.0 8 1 0
1370 0 10.0 8 0 0
1371 2 10.0 8 0 0
1372 2 30.0 8 7 0
1373 2 50.0 8 7 1
1374 2 50.0 8 0 0
1375 0 10.0 8 0 0
1376 0 30.0 8 0 0
1377 0 15.0 8 0 0
1378 0 50.0 8 0 0
1379 0 50.0 8 3 0
1380 0 50.0 8 0 0
1381 0 50.0 8 7 9
1382 2 15.0 8 2 7
1383 2 30.0 8 6 0
1384 2 30.0 8 10 0
1385 1 15.0 8 7 0
1386 2 30.0 8 0 0
1387 0 10.0 8 0 0
1388 2 15.0 8 0 0
1389 0 10.0 8 0 0
1390 2 15.0 8 6 5
1391 1 50.0 8 10 0
1392 2 50.0 8 3 0
1393 2 15.0 8 5 1
1394 2 50.0 8 1 9
1395 1 10.0 8 4 0
1396 1 30.0 8 6 0
1397 0 30.0 8 0 0
1398 0 50.0 8 9 0
1399 0 5.0 8 6 9
1400 2 50.0 8 10 0
1401 1 15.0 9 1 0
1402 0 30.0 9 1 2
1403 1 50.0 9 2 0
1404 2 30.0 9 0 0
1405 1 15.0 9 0 0
1406 0 15.0 9 0 0
1407 1 5.0 9 0 0
1408 1 50.0 9 6 5
1409 1 5.0 9 1 3
1410 1 10.0 9 1 0
1411 2 15.0 9 7 6
1412 0 15.0 9 0 0
1413 2 5.0 9 0 0
1414 1 30.0 9 10 0
1415 0 30.0 9 5 0
1416 1 50.0 9 1 0
1417 2 15.0 9 7 0
1418 0 50.0 9 3 0
1419 2 50.0 9 1 3
1420 1 10.0 9 5 4
1421 1 10.0 9 0 0
1422 0 5.0 9 0 0
1423 0 30.0 9 0 0
1424 2 15.0 9 0 0
1425 0 50.0 9 8 0
1426 0 5.0 9 10 0
1427 2 10.0 9 5 8
1428 1 5.0 9 6 1
1429 2 15.0 9 6 3
1430 2 15.0 9 6 0
1431 0 15.0 9 4 0
1432 2 50.0 9 5 0
1433 0 30.0 9 0 0
1434 2 10.0 9 0 0
1435 1 15.0 9 4 0
1436 2 10.0 9 0 0
1437 2 10.0 9 7 0
1438 0 5.0 9 0 0
1439 1 50.0 9 4 3
1440 2 10.0 9 3 5
1441 0 10.0 9 1 4
1442 2 5.0 9 8 0
1443 0 50.0 9 7 6
1444 2 15.0 9 0 0
1445 2 50.0 9 8 0
1446 0 5.0 9 0 0
1447 2 30.0 9 5 2
1448 0 5.0 9 2 1
1449 0 15.0 9 2 0
1450 0 30.0 9 3 0
1451 1 5.0 10 7 1
1452 1 30.0 10 9 0
1453 1 50.0 10 0 0
1454 0 15.0 10 5 2
1455 2 50.0 10 3 0
1456 0 5.0 10 0 0
1457 0 30.0 10 0 0
1458 0 30.0 10 0 0
1459 1 10.0 10 8 0
1460 0 30.0 10 1 2
1461 0 50.0 10 0 0
1462 0 15.0 10 0 0
1463 0 5.0 10 0 0
1464 2 30.0 10 7 1
1465 0 10.0 10 6 5
1466 1 30.0 10 0 0
1467 1 15.0 10 0 0
1468 2 5.0 10 0 0
1469 2 10.0 10 3 0
1470 0 15.0 10 0 0
1471 0 5.0 10 0 0
1472 0 15.0 10 0 0
1473 0 15.0 10 6 1
1474 0 5.0 10 8 0
1475 0 30.0 10 3 1
1476 2 15.0 10 7 0
1477 0 15.0 10 9 0
1478 2 15.0 10 9 0
1479 0 5.0 10 3 8
1480 1 10.0 10 8 0
1481 1 50.0 10 2 0
1482 1 10.0 10 3 1
1483 0 5.0 10 9 1
1484 0 10.0 10 5 0
1485 0 15.0 10 2 0
1486 2 5.0 10 8 0
1487 0 30.0 10 5 0
1488 0 5.0 10 3 0
1489 0 5.0 10 4 0
1490 1 10.0 10 9 0
1491 1 50.0 10 6 1
1492 0 15.0 10 3 5
1493 0 50.0 10 0 0
1494 0 50.0 10 7 1
1495 1 10.0 10 9 8
1496 1 30.0 10 9 0
1497 0 50.0 10 2 9
1498 0 5.0 10 2 0
1499 0 10.0 10 0 0
1500 2 15.0 10 5 0