100

1001 2 50.0 3 5 1
1002 0 10.0 4 0 0
1003 1 30.0 5 2 3
1004 1 50.0 5 0 0
1005 0 5.0 5 2 3
1006 2 50.0 1 4 5
1007 2 15.0 3 4 5
1008 0 5.0 4 1 5
1009 2 5.0 1 5 2
1010 1 15.0 1 5 0
1011 2 15.0 2 0 0
1012 2 10.0 3 1 2
1013 0 30.0 4 0 0
1014 2 15.0 4 5 3
1015 1 10.0 5 3 4
1016 2 50.0 2 5 1
1017 1 10.0 2 4 0
1018 1 5.0 5 3 0
1019 2 50.0 1 0 0
1020 1 5.0 2 0 0
1021 0 5.0 5 3 0
1022 0 15.0 2 1 3
1023 1 5.0 4 2 3
1024 1 50.0 4 3 2
1025 0 15.0 3 4 1
1026 2 10.0 5 4 2
1027 0 10.0 3 0 0
1028 1 15.0 2 4 3
1029 2 30.0 4 1 3
1030 0 30.0 1 3 5
1031 2 50.0 5 3 4
1032 0 15.0 3 1 5
1033 1 10.0 2 0 0
1034 1 50.0 3 2 5
1035 0 15.0 2 3 5
1036 2 5.0 5 0 0
1037 2 10.0 2 1 3
1038 1 15.0 5 3 2
1039 2 50.0 2 3 4
1040 0 30.0 5 1 2
1041 1 30.0 2 3 4
1042 2 30.0 1 2 4
1043 1 10.0 3 2 1
1044 2 50.0 2 0 0
1045 1 15.0 1 3 2
1046 2 10.0 2 5 4
1047 0 50.0 1 3 5
1048 2 5.0 2 4 0
1049 1 10.0 5 3 4
1050 1 50.0 3 0 0
1051 0 50.0 4 5 2
1052 1 5.0 1 2 5
1053 1 30.0 3 5 1
1054 2 5.0 4 0 0
1055 2 15.0 5 0 0
1056 1 5.0 3 5 1
1057 2 10.0 2 1 5
1058 0 50.0 2 4 0
1059 1 10.0 3 2 1
1060 1 15.0 5 0 0
1061 2 10.0 3 2 5
1062 0 50.0 5 4 3
1063 1 5.0 5 0 0
1064 2 15.0 3 2 4
1065 0 50.0 2 3 5
1066 0 50.0 4 2 0
1067 2 50.0 4 2 1
1068 0 15.0 3 5 2
1069 2 50.0 2 0 0
1070 0 5.0 4 3 1
1071 0 5.0 2 1 0
1072 0 10.0 4 2 1
1073 1 50.0 2 3 4
1074 0 30.0 3 2 5
1075 2 5.0 1 4 2
1076 0 30.0 2 0 0
1077 2 10.0 3 1 4
1078 0 10.0 3 1 0
1079 2 15.0 3 0 0
1080 0 50.0 5 2 4
1081 2 30.0 2 4 3
1082 2 15.0 2 1 3
1083 0 30.0 1 2 3
1084 1 15.0 3 1 0
1085 1 5.0 3 1 5
1086 2 50.0 2 0 0
1087 1 15.0 2 1 5
1088 1 50.0 5 2 3
1089 1 10.0 2 4 0
1090 2 30.0 2 1 5
1091 0 5.0 2 5 0
1092 1 50.0 4 0 0
1093 2 50.0 1 2 0
1094 2 30.0 2 5 3
1095 2 15.0 1 4 2
1096 2 30.0 4 3 5
1097 1 15.0 2 5 1
1098 2 10.0 2 1 5
1099 1 10.0 4 0 0
1100 0 15.0 4 5 0