100

1001 2 50.0 3 4 0
1002 0 5.0 4 1 0
1003 2 50.0 2 5 4
1004 0 50.0 5 2 3
1005 1 15.0 1 2 5
1006 1 15.0 3 1 0
1007 1 30.0 5 2 4
1008 2 10.0 1 0 0
1009 2 50.0 4 0 0
1010 0 30.0 4 3 0
1011 2 5.0 5 3 2
1012 0 15.0 4 5 2
1013 2 10.0 3 0 0
1014 2 10.0 3 5 2
1015 0 15.0 1 2 0
1016 2 5.0 1 0 0
1017 0 30.0 3 4 0
1018 1 30.0 4 2 3
1019 0 15.0 1 4 3
1020 0 10.0 2 5 0
1021 0 10.0 3 4 1
1022 2 30.0 2 1 5
1023 0 10.0 2 1 4
1024 0 10.0 1 5 0
1025 1 5.0 2 1 5
1026 2 10.0 1 4 3
1027 2 30.0 5 4 0
1028 0 15.0 3 4 2
1029 2 15.0 5 2 3
1030 1 50.0 4 0 0
1031 2 10.0 3 0 0
1032 2 10.0 2 4 0
1033 0 50.0 5 3 4
1034 0 10.0 4 2 3
1035 0 5.0 1 4 0
1036 1 5.0 3 4 1
1037 2 5.0 5 3 0
1038 2 15.0 3 0 0
1039 1 10.0 1 0 0
1040 2 50.0 1 0 0
1041 0 30.0 3 0 0
1042 2 15.0 2 4 1
1043 0 10.0 5 2 3
1044 1 10.0 2 0 0
1045 1 30.0 2 0 0
1046 2 50.0 3 1 5
1047 2 10.0 1 5 3
1048 0 5.0 1 5 0
1049 2 10.0 2 0 0
1050 1 10.0 4 1 2
1051 2 30.0 1 5 3
1052 0 30.0 5 1 0
1053 1 5.0 1 5 4
1054 2 5.0 3 2 4
1055 0 5.0 2 0 0
1056 0 15.0 3 2 0
1057 1 10.0 5 1 2
1058 1 30.0 2 5 1
1059 2 15.0 3 5 2
1060 2 15.0 2 5 4
1061 2 15.0 3 4 5
1062 2 5.0 1 2 0
1063 1 30.0 1 2 3
1064 2 50.0 4 2 0
1065 2 10.0 2 5 1
1066 2 50.0 2 5 0
1067 0 15.0 2 4 3
1068 0 50.0 4 3 0
1069 1 30.0 1 0 0
1070 0 5.0 4 1 0
1071 1 30.0 4 3 0
1072 0 15.0 1 5 2
1073 2 10.0 4 2 3
1074 1 10.0 4 3 1
1075 1 50.0 1 2 3
1076 2 15.0 4 1 5
1077 2 10.0 1 3 0
1078 0 5.0 1 3 4
1079 0 15.0 3 4 0
1080 2 30.0 2 4 3
1081 1 15.0 3 1 0
1082 2 10.0 5 3 2
1083 1 50.0 5 2 1
1084 0 10.0 5 0 0
1085 2 50.0 4 5 0
1086 0 50.0 1 2 0
1087 1 50.0 5 0 0
1088 2 15.0 3 4 2
1089 0 30.0 5 3 0
1090 0 50.0 3 2 0
1091 2 5.0 3 5 4
1092 1 15.0 1 5 2
1093 2 10.0 4 0 0
1094 1 30.0 5 0 0
1095 1 10.0 5 2 4
1096 0 10.0 1 5 0
1097 0 30.0 4 0 0
1098 2 50.0 2 5 1
1099 2 30.0 1 0 0
1100 1 10.0 2 4 5