100

1001 1 50.0 1 5 0
1002 0 30.0 1 0 0
1003 1 5.0 1 0 0
1004 0 10.0 1 3 0
1005 1 15.0 1 0 0
1006 1 50.0 1 2 0
1007 2 50.0 1 0 0
1008 0 15.0 1 0 0
1009 0 30.0 1 0 0
1010 1 30.0 1 0 0
1011 0 15.0 1 0 0
1012 1 50.0 1 0 0
1013 0 15.0 1 0 0
1014 1 30.0 1 0 0
1015 2 5.0 1 0 0
1016 1 50.0 1 0 0
1017 2 5.0 1 0 0
1018 2 50.0 1 0 0
1019 1 5.0 1 0 0
1020 1 50.0 1 0 0
1021 0 50.0 2 0 0
1022 1 5.0 2 0 0
1023 1 5.0 2 0 0
1024 1 10.0 2 0 0
1025 0 50.0 2 0 0
1026 0 5.0 2 0 0
1027 1 30.0 2 0 0
1028 0 15.0 2 0 0
1029 0 30.0 2 0 0
1030 1 15.0 2 0 0
1031 1 5.0 2 0 0
1032 0 10.0 2 0 0
1033 2 5.0 2 0 0
1034 1 15.0 2 0 0
1035 2 30.0 2 0 0
1036 1 10.0 2 0 0
1037 1 10.0 2 0 0
1038 0 5.0 2 0 0
1039 0 10.0 2 3 4
1040 2 15.0 2 3 1
1041 0 30.0 3 0 0
1042 0 30.0 3 2 5
1043 2 30.0 3 4 1
1044 0 15.0 3 0 0
1045 1 30.0 3 0 0
1046 0 5.0 3 1 0
1047 1 10.0 3 0 0
1048 1 10.0 3 0 0
1049 1 50.0 3 1 0
1050 2 50.0 3 5 0
1051 0 15.0 3 1 0
1052 1 5.0 3 5 0
1053 0 30.0 3 0 0
1054 0 5.0 3 1 0
1055 1 5.0 3 0 0
1056 0 30.0 3 0 0
1057 2 30.0 3 5 0
1058 0 50.0 3 4 0
1059 0 30.0 3 2 0
1060 0 10.0 3 2 0
1061 1 5.0 4 2 0
1062 1 15.0 4 3 0
1063 2 10.0 4 1 0
1064 0 5.0 4 0 0
1065 2 10.0 4 0 0
1066 0 15.0 4 0 0
1067 0 50.0 4 0 0
1068 0 50.0 4 0 0
1069 0 30.0 4 0 0
1070 1 15.0 4 0 0
1071 2 10.0 4 0 0
1072 1 30.0 4 0 0
1073 2 10.0 4 0 0
1074 0 50.0 4 0 0
1075 2 10.0 4 0 0
1076 0 15.0 4 0 0
1077 2 10.0 4 0 0
1078 1 15.0 4 0 0
1079 2 15.0 4 0 0
1080 1 10.0 4 0 0
1081 1 30.0 5 0 0
1082 2 5.0 5 0 0
1083 0 30.0 5 0 0
1084 0 50.0 5 0 0
1085 2 5.0 5 0 0
1086 1 10.0 5 0 0
1087 0 10.0 5 0 0
1088 2 50.0 5 0 0
1089 0 5.0 5 3 0
1090 1 15.0 5 3 0
1091 1 5.0 5 3 1
1092 0 50.0 5 0 0
1093 0 10.0 5 3 2
1094 1 50.0 5 2 1
1095 1 30.0 5 2 3
1096 1 15.0 5 3 1
1097 1 15.0 5 2 0
1098 1 10.0 5 0 0
1099 0 15.0 5 3 2
1100 0 50.0 5 3 0