100

1001 0 5.0 1 0 0
1002 0 10.0 1 3 2
1003 0 30.0 1 0 0
1004 1 30.0 1 0 0
1005 1 10.0 1 0 0
1006 1 5.0 1 3 5
1007 0 15.0 1 0 0
1008 0 5.0 1 0 0
1009 1 5.0 1 4 0
1010 1 10.0 1 0 0
1011 0 15.0 1 5 0
1012 0 15.0 1 0 0
1013 1 50.0 1 0 0
1014 0 50.0 1 3 5
1015 2 30.0 1 4 2
1016 2 15.0 1 2 5
1017 0 5.0 1 2 5
1018 1 30.0 1 3 4
1019 1 10.0 1 4 0
1020 0 15.0 1 0 0
1021 1 30.0 2 3 0
1022 0 15.0 2 1 0
1023 1 10.0 2 0 0
1024 1 15.0 2 0 0
1025 1 10.0 2 3 0
1026 0 15.0 2 3 4
1027 1 50.0 2 3 0
1028 2 30.0 2 0 0
1029 0 15.0 2 3 0
1030 0 10.0 2 0 0
1031 0 5.0 2 0 0
1032 2 10.0 2 5 0
1033 0 30.0 2 1 0
1034 0 5.0 2 0 0
1035 0 5.0 2 0 0
1036 0 5.0 2 0 0
1037 2 15.0 2 0 0
1038 2 5.0 2 5 0
1039 0 5.0 2 0 0
1040 0 5.0 2 0 0
1041 1 30.0 3 0 0
1042 0 15.0 3 2 0
1043 1 30.0 3 1 0
1044 0 50.0 3 0 0
1045 0 5.0 3 0 0
1046 0 15.0 3 0 0
1047 0 10.0 3 0 0
1048 1 10.0 3 0 0
1049 0 10.0 3 1 0
1050 2 50.0 3 0 0
1051 1 5.0 3 0 0
1052 2 50.0 3 0 0
1053 2 30.0 3 1 0
1054 0 10.0 3 5 0
1055 0 15.0 3 0 0
1056 2 10.0 3 1 0
1057 0 15.0 3 0 0
1058 0 30.0 3 4 0
1059 1 30.0 3 4 0
1060 1 5.0 3 2 4
1061 2 10.0 4 0 0
1062 0 50.0 4 2 0
1063 1 30.0 4 2 0
1064 2 30.0 4 5 0
1065 2 50.0 4 5 3
1066 0 50.0 4 5 1
1067 2 50.0 4 1 5
1068 0 15.0 4 3 5
1069 1 30.0 4 2 1
1070 0 50.0 4 3 2
1071 1 5.0 4 3 2
1072 2 30.0 4 2 5
1073 0 5.0 4 0 0
1074 1 50.0 4 2 0
1075 2 10.0 4 0 0
1076 2 10.0 4 2 5
1077 0 30.0 4 3 0
1078 2 5.0 4 0 0
1079 0 10.0 4 3 2
1080 0 50.0 4 1 0
1081 1 50.0 5 1 0
1082 0 30.0 5 3 1
1083 0 50.0 5 3 2
1084 0 5.0 5 0 0
1085 0 15.0 5 3 0
1086 2 15.0 5 1 4
1087 0 10.0 5 0 0
1088 2 10.0 5 1 4
1089 2 50.0 5 4 2
1090 0 50.0 5 3 0
1091 0 50.0 5 1 2
1092 2 15.0 5 0 0
1093 0 30.0 5 0 0
1094 0 5.0 5 2 4
1095 2 15.0 5 1 0
1096 2 30.0 5 2 3
1097 0 15.0 5 2 3
1098 1 50.0 5 1 4
1099 0 50.0 5 2 0
1100 2 10.0 5 2 3