100

1001 0 15.0 1 3 5
1002 1 30.0 1 0 0
1003 0 10.0 1 0 0
1004 0 15.0 1 3 0
1005 0 15.0 1 0 0
1006 2 30.0 1 3 1
1007 0 30.0 1 5 0
1008 0 5.0 1 2 3
1009 0 5.0 1 4 2
1010 2 10.0 1 0 0
1011 0 10.0 2 4 2
1012 0 30.0 2 3 0
1013 2 10.0 2 1 0
1014 0 30.0 2 0 0
1015 1 15.0 2 0 0
1016 1 5.0 2 1 0
1017 0 15.0 2 0 0
1018 2 50.0 2 1 0
1019 0 15.0 2 5 0
1020 0 5.0 2 5 0
1021 1 30.0 3 0 0
1022 1 10.0 3 1 0
1023 2 30.0 3 5 0
1024 0 50.0 3 4 1
1025 0 5.0 3 0 0
1026 0 5.0 3 5 0
1027 1 10.0 3 0 0
1028 0 50.0 3 0 0
1029 1 50.0 3 1 0
1030 2 10.0 3 0 0
1031 0 15.0 4 1 0
1032 1 5.0 4 3 2
1033 2 10.0 4 0 0
1034 0 50.0 4 5 3
1035 0 50.0 4 0 0
1036 0 30.0 4 2 2
1037 1 15.0 4 0 0
1038 0 50.0 4 4 3
1039 0 10.0 4 0 0
1040 1 5.0 4 0 2
1041 1 30.0 5 2 5
1042 2 50.0 5 1 1
1043 1 5.0 5 4 0
1044 2 50.0 5 0 0
1045 2 5.0 5 0 0
1046 0 30.0 5 3 0
1047 2 15.0 5 3 2
1048 0 50.0 5 0 0
1049 2 10.0 5 2 0
1050 1 15.0 5 1 3
1051 0 15.0 1 3 5
1052 1 30.0 1 0 0
1053 0 10.0 1 0 0
1054 0 15.0 1 5 0
1055 0 30.0 1 0 0
1056 2 30.0 1 4 0
1057 2 30.0 1 0 0
1058 0 5.0 1 3 2
1059 0 5.0 1 4 2
1060 2 10.0 1 0 0
1061 0 50.0 2 4 0
1062 0 10.0 2 0 0
1063 0 10.0 2 0 0
1064 0 50.0 2 0 0
1065 1 15.0 2 0 0
1066 1 5.0 2 1 0
1067 0 15.0 2 0 0
1068 2 50.0 2 1 0
1069 0 15.0 2 5 1
1070 0 5.0 2 5 0
1071 1 30.0 3 0 0
1072 0 10.0 3 1 0
1073 2 30.0 3 5 0
1074 0 50.0 3 4 1
1075 0 5.0 3 4 1
1076 1 5.0 3 5 0
1077 1 10.0 3 4 2
1078 0 50.0 3 0 0
1079 1 50.0 3 1 0
1080 2 10.0 3 0 0
1081 0 15.0 4 3 0
1082 1 5.0 4 3 2
1083 2 30.0 4 1 0
1084 0 50.0 4 5 3
1085 0 50.0 4 0 0
1086 1 30.0 4 0 0
1087 1 15.0 4 2 3
1088 0 50.0 4 0 0
1089 0 10.0 4 3 1
1090 0 5.0 4 2 1
1091 1 10.0 5 0 0
1092 2 30.0 5 1 3
1093 0 5.0 5 4 2
1094 2 50.0 5 2 0
1095 2 5.0 5 0 0
1096 0 30.0 5 3 0
1097 2 15.0 5 3 0
1098 2 15.0 5 0 0
1099 2 10.0 5 0 0
1100 1 15.0 5 1 3