200

1001 0 15.0 1 3 5
1002 1 30.0 1 0 0
1003 0 10.0 1 0 0
1004 0 15.0 1 3 0
1005 0 15.0 1 0 0
1006 2 30.0 1 3 1
1007 0 30.0 1 5 0
1008 0 5.0 1 2 3
1009 0 5.0 1 4 2
1010 2 10.0 1 0 0
1011 0 10.0 2 4 2
1012 0 30.0 2 3 0
1013 2 10.0 2 1 0
1014 0 30.0 2 0 0
1015 1 15.0 2 0 0
1016 1 5.0 2 1 0
1017 0 15.0 2 0 0
1018 2 50.0 2 1 0
1019 0 15.0 2 5 0
1020 0 5.0 2 5 0
1021 1 30.0 3 0 0
1022 1 10.0 3 1 0
1023 2 30.0 3 5 0
1024 0 50.0 3 4 1
1025 0 5.0 3 0 0
1026 0 5.0 3 5 0
1027 1 10.0 3 0 0
1028 0 50.0 3 0 0
1029 1 50.0 3 1 0
1030 2 10.0 3 0 0
1031 0 15.0 4 1 0
1032 1 5.0 4 3 2
1033 2 10.0 4 0 0
1034 0 50.0 4 5 3
1035 0 50.0 4 0 0
1036 0 30.0 4 2 2
1037 1 15.0 4 0 0
1038 0 50.0 4 4 3
1039 0 10.0 4 0 0
1040 1 5.0 4 0 2
1041 1 30.0 5 2 5
1042 2 50.0 5 1 1
1043 1 5.0 5 4 0
1044 2 50.0 5 0 0
1045 2 5.0 5 0 0
1046 0 30.0 5 3 0
1047 2 15.0 5 3 2
1048 0 50.0 5 0 0
1049 2 10.0 5 2 0
1050 1 15.0 5 1 3
1051 0 15.0 1 3 5
1052 1 30.0 1 0 0
1053 0 10.0 1 0 0
1054 0 15.0 1 5 0
1055 0 30.0 1 0 0
1056 2 30.0 1 4 0
1057 2 30.0 1 0 0
1058 0 5.0 1 3 2
1059 0 5.0 1 4 2
1060 2 10.0 1 0 0
1061 0 50.0 2 4 0
1062 0 10.0 2 0 0
1063 0 10.0 2 0 0
1064 0 50.0 2 0 0
1065 1 15.0 2 0 0
1066 1 5.0 2 1 0
1067 0 15.0 2 0 0
1068 2 50.0 2 1 0
1069 0 15.0 2 5 1
1070 0 5.0 2 5 0
1071 1 30.0 3 0 0
1072 0 10.0 3 1 0
1073 2 30.0 3 5 0
1074 0 50.0 3 4 1
1075 0 5.0 3 4 1
1076 1 5.0 3 5 0
1077 1 10.0 3 4 2
1078 0 50.0 3 0 0
1079 1 50.0 3 1 0
1080 2 10.0 3 0 0
1081 0 15.0 4 3 0
1082 1 5.0 4 3 2
1083 2 30.0 4 1 0
1084 0 50.0 4 5 3
1085 0 50.0 4 0 0
1086 1 30.0 4 0 0
1087 1 15.0 4 2 3
1088 0 50.0 4 0 0
1089 0 10.0 4 3 1
1090 0 5.0 4 2 1
1091 1 10.0 5 0 0
1092 2 30.0 5 1 3
1093 0 5.0 5 4 2
1094 2 50.0 5 2 0
1095 2 5.0 5 0 0
1096 0 30.0 5 3 0
1097 2 15.0 5 3 0
1098 2 15.0 5 0 0
1099 2 10.0 5 0 0
1100 1 15.0 5 1 3
1101 0 15.0 1 3 5
1102 1 30.0 1 0 0
1103 0 10.0 1 0 0
1104 0 15.0 1 3 0
1105 0 30.0 1 0 0
1106 2 30.0 1 3 1
1107 2 30.0 1 0 0
1108 2 10.0 1 0 0
1109 2 50.0 1 0 0
1110 0 50.0 1 4 2
1111 0 30.0 2 0 0
1112 2 10.0 2 0 0
1113 0 10.0 2 0 0
1114 0 15.0 2 1 0
1115 1 30.0 2 3 0
1116 2 15.0 2 1 0
1117 0 30.0 2 3 4
1118 2 15.0 2 4 5
1119 0 30.0 2 4 1
1120 1 10.0 2 3 5
1121 0 50.0 3 0 0
1122 0 5.0 3 4 1
1123 1 5.0 3 5 0
1124 1 10.0 3 4 2
1125 0 50.0 3 0 0
1126 1 50.0 3 1 0
1127 0 10.0 3 0 0
1128 0 15.0 3 4 1
1129 1 5.0 3 2 5
1130 1 30.0 3 4 3
1131 1 50.0 4 0 0
1132 1 5.0 4 3 2
1133 2 10.0 4 0 0
1134 2 5.0 4 3 0
1135 0 10.0 4 0 0
1136 0 5.0 4 2 0
1137 2 5.0 4 0 0
1138 2 15.0 4 3 0
1139 1 10.0 4 1 5
1140 1 15.0 4 1 0
1141 0 50.0 5 2 0
1142 1 5.0 5 0 0
1143 0 50.0 5 3 2
1144 0 50.0 5 0 0
1145 0 5.0 5 2 0
1146 1 30.0 5 3 0
1147 1 50.0 5 0 0
1148 0 5.0 5 2 0
1149 2 15.0 5 1 0
1150 0 15.0 5 0 0
1151 0 15.0 1 3 5
1152 0 30.0 1 0 0
1153 0 5.0 1 0 0
1154 0 15.0 1 3 0
1155 0 30.0 1 0 0
1156 2 30.0 1 3 1
1157 2 5.0 1 0 0
1158 2 10.0 1 0 0
1159 2 50.0 1 0 0
1160 0 50.0 1 4 2
1161 0 5.0 2 0 0
1162 2 10.0 2 0 0
1163 0 10.0 2 1 0
1164 0 10.0 2 4 0
1165 1 30.0 2 5 0
1166 2 10.0 2 1 0
1167 0 30.0 2 5 4
1168 2 15.0 2 4 5
1169 0 30.0 2 0 0
1170 1 10.0 2 3 0
1171 0 50.0 3 4 1
1172 0 5.0 3 4 1
1173 1 5.0 3 5 0
1174 1 10.0 3 4 0
1175 0 50.0 3 0 0
1176 1 50.0 3 1 0
1177 2 10.0 3 0 0
1178 0 15.0 3 4 1
1179 0 5.0 3 2 0
1180 1 30.0 3 4 3
1181 0 50.0 4 1 3
1182 1 50.0 4 0 0
1183 2 15.0 4 5 2
1184 0 5.0 4 3 0
1185 0 10.0 4 0 0
1186 0 15.0 4 0 0
1187 2 15.0 4 0 0
1188 2 15.0 4 3 1
1189 1 5.0 4 3 5
1190 1 15.0 4 0 0
1191 2 50.0 5 2 0
1192 1 5.0 5 1 3
1193 0 50.0 5 3 2
1194 0 50.0 5 0 0
1195 2 5.0 5 2 1
1196 1 30.0 5 3 0
1197 1 15.0 5 0 0
1198 0 10.0 5 4 0
1199 0 30.0 5 1 0
1200 0 30.0 5 0 0