50

1001 0 10.0 5 1 3
1002 1 5.0 5 1 2
1003 0 5.0 5 1 4
1004 2 50.0 5 4 0
1005 0 10.0 2 4 0
1006 0 5.0 5 1 4
1007 0 50.0 2 4 5
1008 2 15.0 5 1 0
1009 1 30.0 5 0 0
1010 0 15.0 2 0 0
1011 1 50.0 1 2 3
1012 2 10.0 1 4 3
1013 1 10.0 4 0 0
1014 0 5.0 5 1 2
1015 2 15.0 2 0 0
1016 0 15.0 1 5 2
1017 0 10.0 5 3 0
1018 2 5.0 3 4 2
1019 2 30.0 1 2 5
1020 1 10.0 2 3 4
1021 1 50.0 5 4 3
1022 1 15.0 5 4 0
1023 1 50.0 3 4 2
1024 0 15.0 5 0 0
1025 0 5.0 5 1 3
1026 1 50.0 5 1 0
1027 2 10.0 5 4 1
1028 0 30.0 1 0 0
1029 1 10.0 2 1 3
1030 1 15.0 4 2 3
1031 2 50.0 1 0 0
1032 2 50.0 4 5 0
1033 2 50.0 4 3 1
1034 1 30.0 2 5 3
1035 2 10.0 1 4 0
1036 1 15.0 5 1 4
1037 0 50.0 3 4 0
1038 1 30.0 5 2 3
1039 1 30.0 3 4 5
1040 1 15.0 2 3 5
1041 2 10.0 3 4 1
1042 1 30.0 2 4 1
1043 0 15.0 5 1 0
1044 1 50.0 4 1 3
1045 0 10.0 4 5 2
1046 0 5.0 5 2 0
1047 2 30.0 4 1 2
1048 0 10.0 2 3 4
1049 1 30.0 1 2 0
1050 2 50.0 4 0 0