50

1001 2 50.0 4 1 5
1002 0 50.0 5 3 2
1003 0 5.0 5 0 0
1004 2 10.0 3 4 5
1005 1 30.0 3 0 0
1006 1 50.0 4 0 0
1007 1 30.0 1 5 4
1008 1 10.0 1 0 0
1009 0 50.0 4 5 3
1010 0 15.0 4 0 0
1011 2 15.0 3 1 2
1012 1 50.0 1 5 4
1013 0 50.0 3 1 4
1014 1 5.0 2 4 0
1015 2 30.0 1 5 2
1016 0 15.0 5 4 3
1017 1 15.0 1 2 4
1018 2 50.0 2 1 3
1019 2 5.0 3 2 1
1020 2 30.0 5 1 4
1021 0 15.0 5 2 0
1022 2 30.0 4 3 1
1023 2 15.0 5 0 0
1024 2 30.0 2 4 5
1025 1 30.0 4 2 0
1026 0 50.0 3 4 0
1027 0 10.0 5 0 0
1028 0 50.0 2 0 0
1029 0 5.0 1 5 4
1030 2 30.0 5 0 0
1031 0 10.0 1 2 0
1032 1 5.0 5 1 0
1033 2 15.0 2 0 0
1034 2 10.0 2 4 3
1035 1 15.0 4 0 0
1036 1 30.0 5 4 2
1037 0 30.0 1 2 0
1038 2 30.0 1 4 5
1039 0 15.0 1 0 0
1040 0 15.0 5 2 1
1041 1 15.0 4 0 0
1042 2 10.0 3 5 1
1043 2 15.0 3 0 0
1044 2 10.0 4 2 5
1045 0 10.0 3 2 1
1046 1 15.0 3 4 0
1047 1 50.0 4 0 0
1048 2 50.0 1 5 3
1049 0 30.0 1 5 4
1050 0 50.0 1 0 0