50

1001 1 5.0 1 0 0
1002 1 30.0 1 0 0
1003 1 15.0 1 2 0
1004 1 10.0 1 0 0
1005 0 5.0 1 0 0
1006 0 15.0 1 0 0
1007 1 15.0 1 0 0
1008 0 5.0 1 5 0
1009 2 10.0 1 0 0
1010 1 50.0 1 2 0
1011 1 15.0 2 1 0
1012 1 15.0 2 0 0
1013 2 15.0 2 0 0
1014 2 50.0 2 3 0
1015 0 50.0 2 0 0
1016 0 5.0 2 0 0
1017 2 10.0 2 0 0
1018 0 10.0 2 1 0
1019 0 30.0 2 3 0
1020 0 5.0 2 0 0
1021 0 50.0 3 4 0
1022 2 10.0 3 5 0
1023 1 50.0 3 0 0
1024 1 50.0 3 0 0
1025 1 30.0 3 0 0
1026 0 15.0 3 0 0
1027 1 30.0 3 2 0
1028 1 10.0 3 1 0
1029 0 30.0 3 2 0
1030 1 30.0 3 4 0
1031 0 10.0 4 0 0
1032 2 30.0 4 0 0
1033 2 5.0 4 5 0
1034 1 30.0 4 0 0
1035 0 15.0 4 0 0
1036 0 50.0 4 0 0
1037 2 10.0 4 0 0
1038 1 10.0 4 0 0
1039 0 50.0 4 2 0
1040 0 15.0 4 0 0
1041 2 15.0 5 0 0
1042 1 5.0 5 3 1
1043 0 5.0 5 0 0
1044 0 10.0 5 0 0
1045 0 30.0 5 1 4
1046 1 50.0 5 0 0
1047 1 30.0 5 4 1
1048 1 50.0 5 0 0
1049 2 5.0 5 1 2
1050 0 5.0 5 1 2
