50

1001 0 30.0 1 5 3
1002 0 15.0 1 2 0
1003 2 50.0 1 0 0
1004 0 50.0 1 0 0
1005 0 15.0 1 0 0
1006 0 5.0 1 4 5
1007 0 30.0 1 0 0
1008 2 5.0 1 0 0
1009 0 5.0 1 3 2
1010 2 10.0 1 3 5
1011 2 10.0 2 5 0
1012 1 10.0 2 5 1
1013 1 50.0 2 5 0
1014 2 5.0 2 3 0
1015 0 50.0 2 3 0
1016 0 5.0 2 1 3
1017 0 10.0 2 3 0
1018 0 15.0 2 0 0
1019 0 15.0 2 0 0
1020 0 15.0 2 0 0
1021 0 5.0 3 1 5
1022 1 10.0 3 5 0
1023 0 30.0 3 0 0
1024 0 30.0 3 2 0
1025 1 10.0 3 0 0
1026 1 30.0 3 0 0
1027 1 30.0 3 1 2
1028 2 5.0 3 5 0
1029 0 15.0 3 0 0
1030 1 50.0 3 5 0
1031 2 50.0 4 0 0
1032 2 10.0 4 0 0
1033 2 30.0 4 0 0
1034 1 10.0 4 1 5
1035 2 15.0 4 1 0
1036 0 50.0 4 3 0
1037 1 5.0 4 1 0
1038 2 30.0 4 0 0
1039 0 15.0 4 0 0
1040 1 50.0 4 0 0
1041 0 30.0 5 0 0
1042 1 5.0 5 3 1
1043 2 15.0 5 2 4
1044 2 10.0 5 0 0
1045 0 15.0 5 3 0
1046 0 30.0 5 2 0
1047 0 50.0 5 3 2
1048 0 10.0 5 3 2
1049 0 5.0 5 4 1
1050 1 50.0 5 1 4