500

1001 1 30.0 1 0 0
1002 0 50.0 1 0 0
1003 1 5.0 1 3 0
1004 0 50.0 1 10 0
1005 0 30.0 1 0 0
1006 1 15.0 1 0 0
1007 0 15.0 1 0 0
1008 0 5.0 1 0 0
1009 1 15.0 1 0 0
1010 0 30.0 1 0 0
1011 2 5.0 1 0 0
1012 0 15.0 1 0 0
1013 0 5.0 1 0 0
1014 0 10.0 1 0 0
1015 0 5.0 1 0 0
1016 0 10.0 1 0 0
1017 1 30.0 1 0 0
1018 1 30.0 1 3 0
1019 0 30.0 1 0 0
1020 2 50.0 1 0 0
1021 2 15.0 1 9 11
1022 1 10.0 1 9 0
1023 1 50.0 1 0 0
1024 0 10.0 1 0 0
1025 0 30.0 1 4 10
1026 0 5.0 2 9 1
1027 1 5.0 2 5 0
1028 1 5.0 2 0 0
1029 1 10.0 2 0 0
1030 2 15.0 2 0 0
1031 2 15.0 2 0 0
1032 1 5.0 2 0 0
1033 1 50.0 2 0 0
1034 1 10.0 2 0 0
1035 0 10.0 2 0 0
1036 2 10.0 2 0 0
1037 2 50.0 2 0 0
1038 1 30.0 2 0 0
1039 0 5.0 2 0 0
1040 0 10.0 2 0 0
1041 0 10.0 2 0 0
1042 1 50.0 2 0 0
1043 1 5.0 2 0 0
1044 1 10.0 2 0 0
1045 2 30.0 2 4 0
1046 1 15.0 2 0 0
1047 0 10.0 2 0 0
1048 2 5.0 2 0 0
1049 2 30.0 2 0 0
1050 1 5.0 2 8 0
1051 0 5.0 3 0 0
1052 0 5.0 3 0 0
1053 0 10.0 3 14 1
1054 2 30.0 3 12 15
1055 0 5.0 3 9 0
1056 1 30.0 3 0 0
1057 1 10.0 3 0 0
1058 0 5.0 3 4 2
1059 0 5.0 3 0 0
1060 1 50.0 3 0 8
1061 0 15.0 3 11 0
1062 0 5.0 3 0 6
1063 1 50.0 3 0 0
1064 0 30.0 3 0 0
1065 1 30.0 3 0 0
1066 0 10.0 3 4 0
1067 0 30.0 3 0 0
1068 1 5.0 3 0 0
1069 0 30.0 3 1 0
1070 0 10.0 3 0 0
1071 1 15.0 3 0 0
1072 2 30.0 3 0 0
1073 0 30.0 3 0 0
1074 2 10.0 3 0 0
1075 2 15.0 3 0 0
1076 2 15.0 4 0 0
1077 0 50.0 4 0 0
1078 1 15.0 4 0 0
1079 1 5.0 4 0 0
1080 1 50.0 4 0 0
1081 1 10.0 4 0 0
1082 0 5.0 4 0 0
1083 0 15.0 4 0 0
1084 0 50.0 4 0 0
1085 0 30.0 4 0 0
1086 1 30.0 4 0 0
1087 0 5.0 4 0 0
1088 0 15.0 4 0 0
1089 0 50.0 4 0 0
1090 1 5.0 4 0 0
1091 2 5.0 4 0 0
1092 0 5.0 4 0 0
1093 0 10.0 4 0 0
1094 1 5.0 4 0 0
1095 0 5.0 4 0 0
1096 1 5.0 4 0 0
1097 0 50.0 4 0 0
1098 1 10.0 4 0 0
1099 0 50.0 4 0 0
1100 0 5.0 4 0 0
1101 0 50.0 5 0 0
1102 1 5.0 5 0 0
1103 0 30.0 5 0 0
1104 2 15.0 5 0 0
1105 1 10.0 5 0 0
1106 1 10.0 5 0 0
1107 2 30.0 5 0 0
1108 1 30.0 5 0 0
1109 0 15.0 5 0 0
1110 1 50.0 5 0 0
1111 0 30.0 5 0 0
1112 2 15.0 5 0 0
1113 0 15.0 5 0 0
1114 0 50.0 5 0 10
1115 2 15.0 5 0 0
1116 0 5.0 5 0 0
1117 1 10.0 5 0 0
1118 2 5.0 5 0 0
1119 1 15.0 5 0 0
1120 1 10.0 5 1 0
1121 1 10.0 5 0 0
1122 1 5.0 5 0 0
1123 0 15.0 5 0 0
1124 2 50.0 5 0 0
1125 1 5.0 5 9 0
1126 2 5.0 6 0 0
1127 0 10.0 6 0 0
1128 1 5.0 6 1 0
1129 0 10.0 6 10 0
1130 0 15.0 6 0 0
1131 0 10.0 6 0 0
1132 1 15.0 6 0 0
1133 0 30.0 6 0 0
1134 2 30.0 6 0 0
1135 1 10.0 6 2 0
1136 0 30.0 6 4 0
1137 1 15.0 6 0 0
1138 2 30.0 6 9 0
1139 0 15.0 6 0 0
1140 1 50.0 6 0 0
1141 0 50.0 6 11 0
1142 1 5.0 6 0 0
1143 0 50.0 6 0 0
1144 0 15.0 6 0 0
1145 0 50.0 6 0 0
1146 0 50.0 6 0 0
1147 0 30.0 6 12 0
1148 1 15.0 6 0 0
1149 0 15.0 6 0 0
1150 1 30.0 6 3 0
1151 1 10.0 7 0 0
1152 1 50.0 7 0 0
1153 0 5.0 7 0 0
1154 1 5.0 7 0 0
1155 0 15.0 7 0 0
1156 1 50.0 7 0 0
1157 0 30.0 7 0 0
1158 0 10.0 7 0 0
1159 1 50.0 7 0 0
1160 0 10.0 7 0 0
1161 1 50.0 7 0 0
1162 0 10.0 7 0 0
1163 0 30.0 7 0 0
1164 0 5.0 7 0 0
1165 1 5.0 7 0 0
1166 0 10.0 7 0 0
1167 1 50.0 7 0 0
1168 1 15.0 7 0 0
1169 1 5.0 7 0 0
1170 1 30.0 7 0 0
1171 1 10.0 7 0 0
1172 1 5.0 7 11 3
1173 1 15.0 7 0 0
1174 1 15.0 7 0 0
1175 0 30.0 7 0 0
1176 1 15.0 8 3 0
1177 1 5.0 8 0 0
1178 2 5.0 8 5 0
1179 1 30.0 8 0 0
1180 2 30.0 8 20 5
1181 2 5.0 8 0 0
1182 2 5.0 8 20 1
1183 1 5.0 8 0 0
1184 0 15.0 8 9 0
1185 0 10.0 8 17 9
1186 2 15.0 8 0 0
1187 2 30.0 8 17 4
1188 0 10.0 8 5 0
1189 2 50.0 8 10 0
1190 1 30.0 8 0 0
1191 1 10.0 8 0 0
1192 0 10.0 8 7 0
1193 0 15.0 8 4 0
1194 1 50.0 8 0 0
1195 1 30.0 8 1 0
1196 2 50.0 8 0 0
1197 0 5.0 8 20 0
1198 1 15.0 8 3 0
1199 0 10.0 8 7 0
1200 2 15.0 8 0 0
1201 1 10.0 9 0 0
1202 0 50.0 9 0 0
1203 1 50.0 9 0 0
1204 0 15.0 9 0 0
1205 2 30.0 9 0 0
1206 2 15.0 9 3 0
1207 1 15.0 9 0 0
1208 1 30.0 9 8 0
1209 1 30.0 9 0 0
1210 0 50.0 9 0 0
1211 1 50.0 9 0 0
1212 1 15.0 9 0 0
1213 0 30.0 9 2 0
1214 0 50.0 9 0 0
1215 0 50.0 9 8 0
1216 0 30.0 9 11 0
1217 1 30.0 9 0 0
1218 1 15.0 9 0 0
1219 1 50.0 9 6 0
1220 2 10.0 9 0 0
1221 0 30.0 9 3 0
1222 0 15.0 9 5 0
1223 0 10.0 9 0 0
1224 1 30.0 9 0 0
1225 1 50.0 9 13 0
1226 1 10.0 10 15 18
1227 1 10.0 10 8 11
1228 1 30.0 10 2 0
1229 0 50.0 10 0 0
1230 0 30.0 10 0 0
1231 1 15.0 10 0 0
1232 0 10.0 10 6 0
1233 0 50.0 10 0 0
1234 2 30.0 10 4 0
1235 0 5.0 10 0 0
1236 1 10.0 10 11 0
1237 2 30.0 10 1 0
1238 1 15.0 10 0 0
1239 1 15.0 10 0 0
1240 1 10.0 10 0 0
1241 1 15.0 10 0 0
1242 0 30.0 10 0 0
1243 2 15.0 10 0 0
1244 1 5.0 10 0 0
1245 0 10.0 10 1 0
1246 2 10.0 10 0 0
1247 2 50.0 10 0 0
1248 2 10.0 10 0 0
1249 2 15.0 10 0 0
1250 1 50.0 10 0 0
1251 1 50.0 11 0 0
1252 1 30.0 11 0 0
1253 0 50.0 11 0 0
1254 1 50.0 11 0 0
1255 1 50.0 11 0 0
1256 1 50.0 11 0 0
1257 0 50.0 11 0 0
1258 1 10.0 11 0 0
1259 0 10.0 11 0 0
1260 0 5.0 11 0 0
1261 1 50.0 11 0 0
1262 1 50.0 11 0 0
1263 2 50.0 11 0 0
1264 1 10.0 11 0 0
1265 0 30.0 11 0 0
1266 1 50.0 11 0 0
1267 1 30.0 11 12 0
1268 1 10.0 11 10 0
1269 1 30.0 11 0 0
1270 1 50.0 11 14 13
1271 2 15.0 11 16 0
1272 0 50.0 11 4 0
1273 0 10.0 11 8 2
1274 1 10.0 11 10 0
1275 2 15.0 11 5 4
1276 1 15.0 12 0 0
1277 1 10.0 12 0 0
1278 2 30.0 12 0 0
1279 1 10.0 12 7 0
1280 1 30.0 12 0 0
1281 0 15.0 12 5 0
1282 1 30.0 12 0 0
1283 2 5.0 12 0 0
1284 0 10.0 12 0 0
1285 2 15.0 12 1 0
1286 0 5.0 12 10 0
1287 0 5.0 12 0 0
1288 1 5.0 12 5 0
1289 0 15.0 12 0 0
1290 0 15.0 12 0 0
1291 0 5.0 12 0 0
1292 1 30.0 12 0 0
1293 1 50.0 12 0 0
1294 0 10.0 12 0 0
1295 0 5.0 12 0 0
1296 0 15.0 12 0 0
1297 1 30.0 12 0 0
1298 0 30.0 12 0 0
1299 1 15.0 12 0 0
1300 0 10.0 12 0 0
1301 1 15.0 13 0 0
1302 0 30.0 13 0 0
1303 1 15.0 13 0 0
1304 0 30.0 13 0 0
1305 1 5.0 13 0 0
1306 0 5.0 13 3 0
1307 2 15.0 13 5 0
1308 2 5.0 13 0 0
1309 2 50.0 13 3 0
1310 0 30.0 13 6 0
1311 0 5.0 13 8 0
1312 2 15.0 13 0 0
1313 2 5.0 13 0 0
1314 1 5.0 13 0 0
1315 0 15.0 13 0 0
1316 0 50.0 13 0 0
1317 2 5.0 13 0 0
1318 2 30.0 13 0 0
1319 2 5.0 13 0 0
1320 2 5.0 13 0 0
1321 2 10.0 13 0 0
1322 2 15.0 13 0 0
1323 0 10.0 13 0 0
1324 2 10.0 13 6 0
1325 0 10.0 13 1 0
1326 1 10.0 14 0 0
1327 1 10.0 14 3 0
1328 1 15.0 14 0 0
1329 1 30.0 14 6 0
1330 1 10.0 14 0 0
1331 0 50.0 14 0 0
1332 2 5.0 14 0 0
1333 1 10.0 14 7 0
1334 1 10.0 14 5 0
1335 1 10.0 14 0 0
1336 2 5.0 14 15 0
1337 1 15.0 14 0 0
1338 0 50.0 14 0 0
1339 1 50.0 14 0 0
1340 1 50.0 14 8 0
1341 0 5.0 14 0 0
1342 0 30.0 14 0 0
1343 0 10.0 14 20 0
1344 1 50.0 14 1 0
1345 0 5.0 14 2 0
1346 1 50.0 14 0 0
1347 2 10.0 14 0 0
1348 0 50.0 14 0 0
1349 1 15.0 14 8 0
1350 1 15.0 14 0 0
1351 0 50.0 15 8 6
1352 0 50.0 15 17 12
1353 0 15.0 15 4 0
1354 1 15.0 15 1 17
1355 1 15.0 15 3 0
1356 1 15.0 15 5 0
1357 0 30.0 15 2 0
1358 1 30.0 15 6 0
1359 1 5.0 15 0 0
1360 2 30.0 15 0 0
1361 0 5.0 15 0 0
1362 1 30.0 15 0 0
1363 1 50.0 15 5 8
1364 2 50.0 15 0 0
1365 0 30.0 15 0 0
1366 1 10.0 15 8 0
1367 0 10.0 15 4 12
1368 1 5.0 15 2 0
1369 2 50.0 15 0 0
1370 2 5.0 15 12 8
1371 0 50.0 15 0 0
1372 1 15.0 15 2 4
1373 1 10.0 15 0 0
1374 1 50.0 15 20 3
1375 0 15.0 15 7 9
1376 2 10.0 16 3 0
1377 2 10.0 16 9 2
1378 0 10.0 16 14 0
1379 2 10.0 16 0 0
1380 2 30.0 16 0 0
1381 1 50.0 16 0 0
1382 0 50.0 16 0 0
1383 0 50.0 16 0 0
1384 0 15.0 16 0 0
1385 1 50.0 16 0 0
1386 0 30.0 16 0 0
1387 0 30.0 16 0 0
1388 2 30.0 16 0 0
1389 0 30.0 16 0 0
1390 2 15.0 16 9 0
1391 0 50.0 16 0 0
1392 2 15.0 16 0 0
1393 1 30.0 16 1 0
1394 0 30.0 16 3 0
1395 1 50.0 16 0 0
1396 0 10.0 16 0 0
1397 2 5.0 16 0 0
1398 1 50.0 16 0 0
1399 0 30.0 16 0 0
1400 1 50.0 16 0 0
1401 0 10.0 17 0 0
1402 2 15.0 17 0 0
1403 0 50.0 17 0 0
1404 1 30.0 17 0 0
1405 2 15.0 17 0 0
1406 1 50.0 17 0 0
1407 0 30.0 17 0 0
1408 0 15.0 17 0 0
1409 0 15.0 17 0 0
1410 1 10.0 17 0 0
1411 1 15.0 17 0 0
1412 0 15.0 17 0 0
1413 2 50.0 17 8 7
1414 2 30.0 17 6 0
1415 1 5.0 17 5 9
1416 1 5.0 17 1 0
1417 0 50.0 17 15 0
1418 0 15.0 17 20 2
1419 2 5.0 17 8 1
1420 2 30.0 17 0 0
1421 2 30.0 17 0 0
1422 0 5.0 17 0 0
1423 0 10.0 17 2 0
1424 2 50.0 17 1 19
1425 0 5.0 17 0 0
1426 2 5.0 18 0 0
1427 0 10.0 18 0 0
1428 1 15.0 18 0 0
1429 2 5.0 18 0 0
1430 0 30.0 18 0 0
1431 1 10.0 18 0 0
1432 0 10.0 18 0 0
1433 2 50.0 18 0 0
1434 0 30.0 18 0 0
1435 1 50.0 18 0 0
1436 1 5.0 18 0 0
1437 1 50.0 18 0 0
1438 0 5.0 18 0 0
1439 0 10.0 18 0 0
1440 1 30.0 18 0 0
1441 0 15.0 18 0 0
1442 2 10.0 18 0 0
1443 1 5.0 18 0 0
1444 0 10.0 18 15 2
1445 1 50.0 18 20 1
1446 0 10.0 18 17 0
1447 0 15.0 18 0 0
1448 1 10.0 18 0 0
1449 0 10.0 18 0 0
1450 2 30.0 18 2 0
1451 2 10.0 19 12 8
1452 2 50.0 19 3 1
1453 1 15.0 19 20 0
1454 1 5.0 19 0 0
1455 0 5.0 19 14 0
1456 2 5.0 19 3 0
1457 2 50.0 19 0 0
1458 1 15.0 19 5 0
1459 1 30.0 19 1 0
1460 0 10.0 19 8 0
1461 0 5.0 19 10 4
1462 1 5.0 19 16 3
1463 2 50.0 19 0 0
1464 0 30.0 19 7 0
1465 1 50.0 19 12 2
1466 2 15.0 19 0 0
1467 2 50.0 19 17 1
1468 0 30.0 19 0 0
1469 1 5.0 19 5 0
1470 0 10.0 19 1 3
1471 1 30.0 19 0 0
1472 1 50.0 19 0 0
1473 0 30.0 19 0 0
1474 1 10.0 19 0 0
1475 1 5.0 19 8 5
1476 0 50.0 20 0 0
1477 0 15.0 20 12 1
1478 1 5.0 20 0 0
1479 1 15.0 20 0 0
1480 0 30.0 20 7 2
1481 0 50.0 20 0 0
1482 1 30.0 20 0 0
1483 1 50.0 20 3 1
1484 0 5.0 20 11 0
1485 0 30.0 20 0 0
1486 2 30.0 20 0 0
1487 1 15.0 20 0 0
1488 0 10.0 20 18 9
1489 2 10.0 20 0 0
1490 2 15.0 20 5 0
1491 0 15.0 20 9 3
1492 1 5.0 20 5 0
1493 1 30.0 20 0 0
1494 0 15.0 20 0 0
1495 0 50.0 20 0 0
1496 1 5.0 20 0 0
1497 1 5.0 20 0 0
1498 1 5.0 20 0 0
1499 0 15.0 20 0 7
1500 0 15.0 20 19 0