500

1001 2 30.0 7 14 3
1002 0 50.0 20 6 10
1003 0 30.0 13 10 0
1004 0 5.0 13 0 0
1005 0 30.0 20 0 0
1006 2 50.0 6 0 0
1007 0 10.0 19 0 0
1008 0 50.0 14 0 0
1009 0 15.0 7 0 0
1010 0 30.0 17 0 0
1011 0 5.0 16 0 0
1012 1 30.0 1 0 0
1013 0 30.0 13 0 0
1014 0 50.0 20 0 0
1015 1 15.0 19 0 0
1016 0 5.0 2 0 0
1017 0 30.0 8 0 0
1018 0 30.0 1 0 0
1019 0 5.0 7 0 0
1020 0 30.0 18 0 0
1021 0 5.0 15 0 0
1022 2 15.0 20 0 0
1023 0 10.0 15 0 0
1024 0 10.0 13 0 0
1025 0 50.0 5 0 0
1026 0 15.0 20 0 0
1027 2 15.0 17 0 0
1028 0 5.0 8 0 0
1029 0 10.0 4 0 0
1030 1 50.0 11 0 0
1031 0 5.0 3 0 0
1032 0 30.0 10 0 0
1033 0 30.0 8 0 0
1034 0 5.0 8 0 0
1035 0 15.0 16 0 0
1036 0 30.0 4 0 0
1037 2 5.0 13 0 0
1038 0 15.0 14 0 0
1039 0 30.0 14 0 0
1040 1 10.0 9 0 0
1041 0 5.0 19 0 0
1042 2 10.0 12 0 0
1043 0 10.0 18 0 0
1044 0 50.0 12 0 0
1045 0 5.0 20 0 0
1046 0 30.0 4 0 0
1047 2 50.0 4 0 0
1048 0 10.0 12 0 0
1049 1 30.0 7 0 0
1050 0 5.0 2 0 0
1051 0 50.0 16 0 0
1052 0 30.0 11 0 0
1053 0 50.0 13 0 0
1054 0 15.0 15 0 0
1055 2 10.0 8 0 0
1056 2 30.0 8 0 0
1057 1 50.0 19 0 0
1058 2 10.0 14 0 0
1059 0 5.0 10 0 0
1060 2 30.0 10 0 0
1061 2 30.0 19 0 0
1062 0 5.0 10 0 0
1063 0 5.0 19 0 0
1064 0 10.0 7 0 0
1065 0 15.0 15 0 0
1066 0 5.0 7 0 0
1067 0 50.0 4 0 0
1068 0 30.0 11 0 0
1069 0 50.0 19 0 0
1070 0 5.0 3 0 0
1071 1 15.0 19 0 0
1072 0 5.0 10 0 0
1073 0 10.0 9 0 0
1074 2 15.0 10 0 0
1075 2 30.0 4 0 0
1076 0 5.0 8 0 0
1077 0 30.0 18 0 0
1078 0 50.0 18 0 0
1079 0 15.0 14 0 0
1080 0 10.0 5 0 0
1081 0 50.0 15 0 0
1082 0 10.0 5 0 0
1083 0 10.0 8 0 0
1084 0 5.0 15 0 0
1085 0 30.0 11 0 0
1086 0 10.0 1 0 0
1087 1 10.0 5 0 0
1088 0 15.0 2 0 0
1089 2 50.0 6 0 0
1090 0 30.0 16 0 0
1091 0 30.0 18 0 0
1092 2 30.0 20 0 0
1093 1 15.0 13 0 0
1094 2 50.0 5 0 0
1095 0 5.0 13 0 0
1096 0 50.0 4 0 0
1097 0 30.0 18 0 0
1098 2 5.0 9 0 0
1099 0 50.0 14 0 0
1100 0 30.0 17 0 0
1101 0 10.0 9 0 0
1102 0 50.0 5 0 0
1103 0 15.0 19 0 0
1104 0 5.0 20 0 0
1105 0 5.0 13 0 0
1106 0 15.0 9 0 0
1107 0 5.0 12 0 0
1108 0 10.0 8 0 0
1109 1 50.0 1 0 0
1110 0 15.0 13 0 0
1111 0 50.0 7 0 0
1112 0 10.0 18 0 0
1113 2 30.0 9 0 0
1114 0 15.0 20 0 0
1115 0 10.0 18 0 0
1116 0 10.0 13 0 0
1117 0 30.0 2 0 0
1118 0 30.0 20 0 0
1119 0 30.0 2 0 0
1120 2 30.0 13 0 0
1121 0 10.0 20 0 0
1122 0 50.0 20 8 0
1123 1 50.0 10 0 0
1124 0 50.0 7 16 0
1125 0 15.0 14 1 0
1126 2 50.0 6 5 1
1127 2 15.0 17 5 6
1128 0 5.0 7 0 0
1129 1 15.0 2 5 4
1130 0 10.0 13 4 20
1131 0 15.0 3 11 7
1132 0 50.0 3 4 5
1133 0 5.0 11 0 0
1134 2 50.0 20 5 16
1135 0 15.0 7 10 14
1136 0 30.0 11 18 15
1137 1 15.0 18 7 5
1138 0 50.0 9 0 0
1139 0 15.0 16 20 17
1140 2 30.0 6 3 2
1141 0 5.0 18 4 7
1142 0 30.0 13 3 17
1143 0 30.0 15 20 11
1144 1 5.0 13 2 1
1145 0 5.0 6 7 8
1146 0 5.0 16 8 17
1147 0 5.0 17 20 5
1148 0 50.0 20 1 15
1149 0 50.0 5 7 1
1150 1 5.0 12 19 2
1151 2 10.0 5 18 0
1152 0 30.0 16 18 0
1153 0 15.0 11 0 0
1154 0 15.0 10 0 0
1155 1 10.0 4 0 0
1156 0 30.0 13 8 0
1157 0 10.0 3 0 0
1158 0 15.0 10 0 0
1159 1 10.0 16 0 0
1160 2 5.0 19 0 0
1161 1 30.0 2 0 0
1162 2 10.0 8 0 0
1163 2 5.0 12 0 0
1164 1 10.0 14 0 0
1165 1 50.0 17 0 0
1166 0 10.0 8 7 0
1167 1 10.0 11 0 0
1168 2 10.0 6 0 0
1169 1 10.0 3 0 0
1170 1 15.0 16 0 0
1171 0 30.0 3 6 0
1172 1 30.0 2 9 0
1173 0 5.0 2 10 0
1174 0 10.0 9 14 0
1175 0 15.0 19 5 0
1176 0 15.0 9 0 0
1177 0 50.0 15 0 0
1178 0 50.0 5 0 0
1179 0 15.0 13 0 0
1180 0 30.0 6 0 0
1181 0 30.0 13 3 0
1182 0 30.0 2 0 0
1183 0 10.0 4 0 0
1184 0 5.0 16 0 0
1185 0 15.0 3 0 0
1186 0 15.0 8 0 0
1187 1 5.0 17 0 0
1188 1 5.0 15 0 0
1189 2 30.0 9 0 0
1190 2 5.0 4 0 0
1191 2 30.0 14 0 0
1192 2 10.0 11 0 0
1193 0 5.0 6 0 0
1194 2 10.0 1 0 0
1195 0 10.0 14 1 0
1196 2 30.0 20 2 0
1197 1 30.0 1 6 0
1198 2 50.0 13 11 0
1199 2 30.0 2 20 0
1200 2 10.0 12 0 0
1201 2 50.0 16 0 0
1202 1 5.0 10 12 0
1203 1 10.0 14 0 0
1204 0 5.0 19 0 0
1205 0 10.0 7 0 0
1206 0 30.0 7 13 0
1207 2 30.0 8 0 0
1208 2 30.0 16 0 0
1209 0 10.0 20 0 0
1210 2 15.0 1 4 0
1211 0 15.0 10 0 0
1212 1 30.0 19 0 0
1213 0 50.0 13 0 0
1214 0 50.0 13 5 0
1215 0 15.0 9 7 0
1216 1 5.0 13 17 0
1217 2 50.0 6 15 0
1218 0 30.0 4 0 0
1219 0 15.0 14 0 0
1220 2 15.0 17 0 0
1221 2 30.0 1 0 0
1222 2 15.0 12 0 0
1223 0 10.0 19 0 0
1224 2 5.0 9 0 0
1225 0 5.0 6 0 0
1226 2 30.0 15 0 0
1227 2 5.0 15 0 0
1228 0 10.0 7 0 0
1229 0 30.0 15 0 0
1230 0 15.0 10 0 0
1231 0 15.0 17 0 0
1232 2 30.0 4 0 0
1233 0 15.0 16 0 0
1234 1 10.0 9 0 0
1235 2 10.0 9 0 0
1236 2 30.0 15 0 0
1237 2 15.0 6 0 0
1238 1 15.0 6 12 0
1239 1 30.0 9 0 0
1240 1 10.0 10 0 0
1241 0 50.0 1 0 0
1242 0 5.0 13 0 0
1243 0 5.0 11 0 0
1244 0 30.0 1 0 0
1245 0 50.0 14 0 0
1246 1 10.0 8 16 0
1247 2 30.0 20 3 0
1248 0 30.0 11 6 0
1249 2 30.0 5 16 0
1250 1 15.0 13 8 0
1251 1 5.0 12 9 0
1252 1 30.0 11 19 0
1253 2 5.0 20 0 0
1254 0 10.0 18 20 0
1255 2 50.0 10 12 0
1256 2 10.0 5 12 0
1257 2 5.0 4 12 0
1258 1 30.0 12 14 0
1259 0 30.0 14 0 0
1260 2 10.0 6 0 0
1261 2 30.0 19 0 0
1262 0 10.0 6 0 0
1263 2 5.0 3 0 0
1264 0 50.0 20 0 0
1265 1 50.0 9 0 0
1266 0 10.0 2 0 0
1267 1 5.0 3 0 0
1268 2 50.0 14 0 0
1269 0 5.0 9 0 0
1270 2 15.0 3 0 0
1271 2 50.0 4 0 0
1272 0 5.0 9 0 0
1273 1 10.0 6 0 0
1274 1 5.0 13 0 0
1275 0 10.0 11 0 0
1276 2 10.0 8 0 0
1277 2 15.0 17 0 0
1278 2 10.0 20 0 0
1279 1 15.0 13 0 0
1280 0 10.0 16 0 0
1281 1 50.0 20 0 0
1282 1 50.0 5 6 0
1283 1 30.0 13 10 0
1284 1 30.0 9 2 0
1285 2 15.0 5 17 0
1286 0 30.0 8 6 0
1287 2 30.0 20 3 0
1288 0 10.0 20 0 0
1289 2 30.0 5 0 0
1290 2 10.0 1 0 0
1291 2 50.0 17 0 0
1292 2 5.0 18 0 0
1293 1 15.0 8 0 0
1294 1 10.0 1 0 0
1295 1 5.0 11 0 0
1296 2 15.0 17 0 0
1297 0 50.0 5 0 0
1298 1 5.0 13 7 0
1299 1 5.0 16 0 0
1300 2 5.0 4 8 0
1301 1 5.0 17 10 0
1302 1 10.0 11 0 0
1303 2 15.0 20 6 0
1304 1 10.0 17 11 0
1305 1 30.0 10 15 0
1306 1 10.0 8 1 0
1307 1 10.0 15 20 0
1308 0 5.0 7 18 0
1309 0 30.0 16 14 0
1310 1 5.0 5 9 0
1311 0 50.0 18 10 0
1312 2 15.0 14 19 0
1313 0 15.0 8 10 0
1314 1 5.0 13 0 0
1315 0 10.0 9 0 0
1316 0 5.0 6 0 0
1317 1 30.0 7 0 0
1318 1 5.0 9 4 0
1319 0 50.0 14 0 0
1320 2 50.0 16 0 0
1321 1 50.0 17 5 0
1322 2 15.0 18 0 0
1323 2 30.0 8 0 0
1324 1 30.0 13 0 0
1325 1 5.0 5 12 0
1326 0 5.0 14 20 0
1327 0 10.0 3 11 0
1328 0 5.0 17 0 0
1329 2 50.0 15 14 0
1330 0 10.0 15 7 2
1331 1 30.0 4 17 15
1332 1 50.0 4 19 3
1333 0 30.0 12 10 17
1334 1 5.0 19 20 0
1335 0 30.0 1 20 0
1336 2 10.0 17 5 0
1337 2 10.0 20 1 0
1338 2 5.0 13 12 0
1339 2 15.0 17 9 0
1340 0 50.0 17 19 0
1341 2 15.0 14 16 0
1342 2 10.0 18 13 0
1343 0 50.0 6 13 0
1344 0 10.0 10 3 0
1345 2 30.0 14 15 0
1346 2 30.0 10 18 20
1347 2 30.0 13 18 0
1348 0 5.0 14 3 0
1349 1 15.0 15 7 0
1350 0 10.0 2 11 0
1351 1 10.0 14 12 0
1352 2 15.0 3 13 0
1353 2 30.0 20 14 0
1354 2 15.0 6 12 17
1355 1 50.0 11 1 0
1356 0 10.0 16 1 0
1357 0 30.0 9 3 0
1358 0 10.0 16 20 0
1359 1 5.0 4 2 0
1360 2 10.0 13 15 12
1361 2 15.0 15 19 0
1362 2 10.0 13 9 0
1363 0 50.0 1 4 0
1364 2 50.0 10 12 0
1365 0 30.0 15 16 0
1366 0 15.0 7 19 0
1367 1 10.0 5 1 0
1368 0 10.0 15 4 0
1369 2 30.0 11 10 0
1370 1 5.0 9 5 0
1371 2 30.0 10 3 4
1372 2 30.0 12 8 0
1373 2 50.0 14 12 0
1374 0 30.0 6 9 0
1375 1 15.0 8 1 0
1376 0 5.0 10 17 0
1377 0 5.0 10 11 7
1378 2 30.0 18 15 0
1379 1 50.0 15 5 0
1380 2 15.0 19 18 0
1381 0 10.0 8 4 0
1382 0 30.0 1 16 0
1383 2 10.0 7 19 0
1384 1 15.0 18 19 14
1385 2 30.0 18 12 0
1386 0 50.0 20 13 1
1387 2 15.0 7 0 0
1388 1 10.0 15 0 0
1389 1 30.0 4 13 0
1390 1 30.0 20 16 0
1391 2 5.0 10 18 0
1392 1 10.0 13 1 0
1393 2 15.0 19 2 0
1394 1 15.0 1 14 0
1395 1 5.0 17 12 0
1396 1 30.0 17 20 0
1397 0 50.0 19 0 0
1398 0 15.0 17 2 15
1399 2 15.0 4 12 0
1400 1 15.0 9 18 0
1401 2 30.0 3 19 0
1402 1 50.0 1 9 8
1403 1 15.0 5 9 0
1404 2 10.0 12 3 0
1405 2 50.0 11 10 0
1406 1 50.0 8 15 0
1407 1 5.0 9 2 0
1408 2 5.0 6 3 0
1409 1 50.0 7 11 0
1410 1 50.0 11 0 0
1411 0 15.0 16 12 0
1412 0 10.0 17 7 0
1413 1 5.0 15 9 0
1414 1 5.0 11 12 0
1415 2 50.0 2 7 0
1416 0 30.0 20 1 0
1417 1 10.0 11 1 0
1418 1 5.0 19 3 0
1419 1 10.0 16 11 0
1420 1 30.0 11 20 0
1421 2 5.0 8 12 0
1422 2 15.0 9 0 0
1423 2 50.0 15 20 0
1424 2 10.0 17 12 2
1425 2 5.0 13 19 0
1426 1 5.0 12 6 0
1427 1 15.0 20 5 0
1428 2 10.0 10 12 0
1429 0 50.0 4 19 0
1430 2 15.0 6 2 0
1431 2 30.0 3 10 11
1432 2 15.0 2 15 0
1433 2 10.0 3 10 14
1434 1 15.0 5 0 0
1435 0 5.0 2 17 19
1436 2 5.0 3 8 18
1437 1 5.0 16 20 3
1438 2 15.0 8 6 1
1439 2 10.0 11 19 14
1440 2 15.0 7 12 14
1441 2 5.0 12 15 5
1442 2 10.0 13 17 2
1443 0 30.0 4 3 12
1444 1 15.0 7 3 16
1445 1 30.0 17 13 5
1446 1 15.0 13 6 8
1447 1 5.0 18 4 19
1448 2 50.0 10 18 20
1449 0 5.0 6 4 12
1450 2 10.0 3 18 20
1451 0 5.0 5 9 12
1452 0 50.0 20 17 11
1453 0 5.0 11 15 12
1454 0 30.0 8 2 13
1455 1 5.0 3 1 0
1456 1 50.0 15 14 5
1457 2 10.0 13 5 11
1458 0 5.0 11 8 14
1459 1 15.0 2 11 12
1460 0 30.0 17 13 8
1461 2 10.0 5 1 4
1462 1 5.0 16 0 0
1463 0 30.0 10 7 3
1464 0 50.0 14 20 19
1465 2 30.0 4 16 12
1466 2 5.0 4 13 20
1467 1 15.0 7 5 10
1468 0 15.0 17 18 9
1469 2 30.0 8 18 10
1470 2 30.0 8 0 0
1471 2 5.0 3 15 7
1472 1 30.0 8 6 13
1473 1 15.0 1 7 20
1474 0 50.0 4 3 5
1475 2 15.0 13 0 0
1476 1 15.0 9 7 14
1477 1 15.0 13 6 17
1478 0 10.0 12 13 7
1479 1 10.0 9 15 18
1480 2 15.0 12 13 3
1481 0 30.0 11 17 18
1482 1 5.0 4 12 6
1483 0 10.0 20 11 4
1484 2 15.0 9 0 0
1485 1 50.0 20 16 4
1486 1 15.0 10 17 0
1487 1 5.0 3 7 20
1488 1 15.0 8 9 3
1489 2 15.0 8 17 5
1490 1 10.0 13 20 10
1491 0 30.0 9 6 10
1492 1 5.0 3 15 11
1493 1 30.0 20 7 6
1494 2 50.0 2 15 9
1495 2 15.0 8 11 10
1496 0 5.0 18 10 9
1497 0 15.0 10 5 7
1498 2 30.0 3 12 15
1499 2 5.0 5 8 2
1500 0 30.0 15 16 11