500

1001 0 10.0 1 3 0
1002 2 30.0 1 0 0
1003 0 10.0 1 0 0
1004 1 15.0 1 3 0
1005 0 15.0 1 10 0
1006 1 50.0 1 0 0
1007 1 30.0 1 16 9
1008 0 50.0 1 0 0
1009 0 15.0 1 0 0
1010 0 30.0 1 8 9
1011 1 10.0 1 7 11
1012 0 30.0 1 17 0
1013 2 10.0 1 0 0
1014 0 15.0 1 0 0
1015 0 10.0 1 14 10
1016 0 50.0 1 0 0
1017 0 30.0 1 9 6
1018 1 5.0 1 14 0
1019 0 10.0 1 15 5
1020 1 10.0 1 4 8
1021 0 5.0 1 3 0
1022 1 15.0 1 6 19
1023 1 30.0 1 8 0
1024 0 15.0 1 7 19
1025 1 10.0 1 20 7
1026 0 5.0 2 9 7
1027 0 5.0 2 0 0
1028 0 30.0 2 0 4
1029 2 50.0 2 0 0
1030 2 10.0 2 0 0
1031 2 5.0 2 0 0
1032 1 10.0 2 20 3
1033 0 10.0 2 0 0
1034 1 30.0 2 19 14
1035 2 50.0 2 7 6
1036 0 10.0 2 12 5
1037 0 30.0 2 4 8
1038 1 50.0 2 3 9
1039 0 50.0 2 7 0
1040 0 50.0 2 15 5
1041 0 10.0 2 14 0
1042 2 10.0 2 13 4
1043 0 15.0 2 15 12
1044 2 5.0 2 0 0
1045 0 15.0 2 0 0
1046 0 50.0 2 6 0
1047 2 50.0 2 0 0
1048 2 50.0 2 0 0
1049 0 5.0 2 0 0
1050 0 5.0 2 0 0
1051 1 5.0 3 15 2
1052 0 30.0 3 0 0
1053 2 30.0 3 6 0
1054 2 15.0 3 0 0
1055 2 15.0 3 0 0
1056 0 5.0 3 0 0
1057 0 50.0 3 15 0
1058 1 30.0 3 0 0
1059 0 30.0 3 0 0
1060 1 30.0 3 16 8
1061 2 15.0 3 13 20
1062 0 15.0 3 15 7
1063 1 10.0 3 0 0
1064 0 15.0 3 7 13
1065 2 50.0 3 14 0
1066 0 30.0 3 0 0
1067 0 50.0 3 0 0
1068 1 50.0 3 7 9
1069 1 10.0 3 6 9
1070 0 30.0 3 7 12
1071 1 50.0 3 0 0
1072 0 15.0 3 15 12
1073 0 30.0 3 0 0
1074 2 50.0 3 0 0
1075 2 10.0 3 0 0
1076 2 50.0 4 0 0
1077 0 50.0 4 7 0
1078 0 5.0 4 0 0
1079 2 15.0 4 0 0
1080 1 15.0 4 1 0
1081 0 50.0 4 19 17
1082 0 50.0 4 0 0
1083 0 5.0 4 0 0
1084 0 5.0 4 13 15
1085 1 10.0 4 0 0
1086 0 15.0 4 0 0
1087 1 5.0 4 0 0
1088 0 15.0 4 1 0
1089 0 10.0 4 0 0
1090 0 10.0 4 0 0
1091 2 10.0 4 13 18
1092 1 50.0 4 0 0
1093 0 50.0 4 12 13
1094 2 15.0 4 10 3
1095 0 5.0 4 0 0
1096 0 50.0 4 0 0
1097 1 5.0 4 3 0
1098 0 10.0 4 0 0
1099 0 5.0 4 0 0
1100 1 10.0 4 0 0
1101 2 15.0 5 3 0
1102 0 10.0 5 1 20
1103 2 10.0 5 10 6
1104 2 15.0 5 9 16
1105 0 50.0 5 0 0
1106 1 30.0 5 0 0
1107 1 30.0 5 0 0
1108 1 50.0 5 0 0
1109 1 30.0 5 11 8
1110 0 50.0 5 0 0
1111 0 10.0 5 20 7
1112 0 5.0 5 16 11
1113 1 15.0 5 3 9
1114 0 5.0 5 4 8
1115 0 50.0 5 9 0
1116 1 10.0 5 0 0
1117 0 15.0 5 0 0
1118 0 10.0 5 0 0
1119 0 15.0 5 0 0
1120 1 50.0 5 0 0
1121 2 5.0 5 3 0
1122 2 15.0 5 2 0
1123 0 10.0 5 0 0
1124 0 10.0 5 0 0
1125 0 30.0 5 0 0
1126 1 10.0 6 0 0
1127 0 5.0 6 4 14
1128 2 50.0 6 0 0
1129 1 30.0 6 0 0
1130 0 50.0 6 0 0
1131 1 5.0 6 0 0
1132 1 15.0 6 0 0
1133 1 30.0 6 7 10
1134 0 15.0 6 2 9
1135 2 10.0 6 14 5
1136 2 15.0 6 0 0
1137 1 15.0 6 7 0
1138 2 10.0 6 0 0
1139 0 5.0 6 0 0
1140 0 50.0 6 1 0
1141 1 5.0 6 1 0
1142 0 10.0 6 13 0
1143 0 10.0 6 3 0
1144 0 30.0 6 0 0
1145 0 30.0 6 0 0
1146 2 50.0 6 10 5
1147 0 5.0 6 0 0
1148 0 5.0 6 8 0
1149 2 50.0 6 0 0
1150 0 50.0 6 4 0
1151 0 15.0 7 4 11
1152 2 50.0 7 0 0
1153 1 5.0 7 0 0
1154 1 15.0 7 0 0
1155 1 15.0 7 0 0
1156 1 50.0 7 0 0
1157 1 10.0 7 0 0
1158 1 30.0 7 9 0
1159 2 50.0 7 4 0
1160 0 30.0 7 3 0
1161 0 10.0 7 15 4
1162 0 10.0 7 4 0
1163 2 15.0 7 0 0
1164 1 30.0 7 12 0
1165 0 15.0 7 1 0
1166 2 5.0 7 5 0
1167 0 10.0 7 0 0
1168 1 30.0 7 0 0
1169 0 5.0 7 20 8
1170 1 50.0 7 13 0
1171 1 30.0 7 9 0
1172 0 30.0 7 0 0
1173 0 15.0 7 0 0
1174 2 5.0 7 0 0
1175 2 10.0 7 20 10
1176 0 30.0 8 7 5
1177 1 50.0 8 0 0
1178 2 15.0 8 0 0
1179 0 5.0 8 4 0
1180 1 15.0 8 0 0
1181 2 5.0 8 0 0
1182 0 50.0 8 0 0
1183 1 10.0 8 7 0
1184 0 30.0 8 0 0
1185 0 50.0 8 0 0
1186 0 30.0 8 0 0
1187 0 10.0 8 7 0
1188 0 15.0 8 5 0
1189 2 50.0 8 3 0
1190 2 5.0 8 10 0
1191 1 30.0 8 0 0
1192 0 5.0 8 1 0
1193 2 50.0 8 0 0
1194 2 50.0 8 0 0
1195 0 5.0 8 7 2
1196 2 30.0 8 4 3
1197 2 5.0 8 0 0
1198 0 10.0 8 16 5
1199 0 30.0 8 4 11
1200 0 50.0 8 1 0
1201 2 15.0 9 0 0
1202 2 10.0 9 5 2
1203 0 10.0 9 15 1
1204 2 5.0 9 1 0
1205 0 30.0 9 6 0
1206 1 5.0 9 0 0
1207 0 5.0 9 0 0
1208 2 30.0 9 4 0
1209 0 30.0 9 3 16
1210 1 50.0 9 0 0
1211 1 10.0 9 2 11
1212 0 30.0 9 0 0
1213 1 5.0 9 0 0
1214 0 50.0 9 0 0
1215 0 10.0 9 10 8
1216 2 30.0 9 1 8
1217 0 15.0 9 1 0
1218 2 10.0 9 5 0
1219 0 50.0 9 1 0
1220 0 5.0 9 2 0
1221 1 10.0 9 0 0
1222 2 30.0 9 0 0
1223 2 5.0 9 0 0
1224 1 10.0 9 14 0
1225 1 50.0 9 1 16
1226 1 50.0 10 0 0
1227 1 50.0 10 11 0
1228 0 15.0 10 3 0
1229 2 30.0 10 0 0
1230 0 30.0 10 18 9
1231 0 15.0 10 0 0
1232 1 5.0 10 4 0
1233 2 5.0 10 0 0
1234 0 5.0 10 0 0
1235 0 10.0 10 3 0
1236 1 10.0 10 3 0
1237 0 5.0 10 2 0
1238 1 30.0 10 0 0
1239 2 30.0 10 0 0
1240 0 50.0 10 7 0
1241 0 5.0 10 17 0
1242 0 30.0 10 18 13
1243 2 30.0 10 0 0
1244 0 10.0 10 0 0
1245 0 50.0 10 0 0
1246 0 5.0 10 0 0
1247 2 50.0 10 20 4
1248 0 30.0 10 9 0
1249 0 10.0 10 5 0
1250 2 30.0 10 0 0
1251 1 10.0 11 18 0
1252 2 30.0 11 6 0
1253 0 50.0 11 9 1
1254 1 10.0 11 0 0
1255 0 30.0 11 0 0
1256 2 15.0 11 1 17
1257 0 15.0 11 4 0
1258 0 5.0 11 12 3
1259 0 50.0 11 0 0
1260 2 15.0 11 7 9
1261 1 15.0 11 9 0
1262 2 10.0 11 0 0
1263 0 30.0 11 0 0
1264 2 30.0 11 5 1
1265 0 50.0 11 0 0
1266 2 50.0 11 0 0
1267 1 50.0 11 0 0
1268 2 15.0 11 0 0
1269 0 30.0 11 4 0
1270 1 30.0 11 0 0
1271 2 10.0 11 0 0
1272 1 15.0 11 0 0
1273 0 50.0 11 0 0
1274 0 5.0 11 0 0
1275 0 5.0 11 3 4
1276 0 5.0 12 8 3
1277 0 30.0 12 0 0
1278 2 15.0 12 0 0
1279 1 5.0 12 6 3
1280 0 30.0 12 7 19
1281 2 15.0 12 8 9
1282 2 50.0 12 3 17
1283 1 15.0 12 0 0
1284 0 50.0 12 0 0
1285 2 5.0 12 0 0
1286 0 5.0 12 0 0
1287 2 10.0 12 0 0
1288 1 5.0 12 0 0
1289 1 5.0 12 16 13
1290 0 50.0 12 2 0
1291 1 15.0 12 0 0
1292 0 5.0 12 0 0
1293 0 5.0 12 1 0
1294 2 30.0 12 0 0
1295 0 5.0 12 0 0
1296 2 5.0 12 0 0
1297 2 15.0 12 7 0
1298 2 10.0 12 0 0
1299 2 10.0 12 9 7
1300 0 50.0 12 20 13
1301 0 10.0 13 15 0
1302 0 10.0 13 0 0
1303 0 30.0 13 5 0
1304 2 15.0 13 15 16
1305 0 50.0 13 0 0
1306 0 15.0 13 0 0
1307 0 10.0 13 0 0
1308 0 15.0 13 0 0
1309 0 30.0 13 9 4
1310 0 15.0 13 0 0
1311 2 5.0 13 0 0
1312 2 15.0 13 7 16
1313 0 30.0 13 1 4
1314 2 15.0 13 16 0
1315 0 10.0 13 10 0
1316 0 50.0 13 14 0
1317 1 30.0 13 9 12
1318 1 15.0 13 9 3
1319 0 10.0 13 0 0
1320 0 30.0 13 6 0
1321 0 15.0 13 3 0
1322 2 10.0 13 9 0
1323 2 5.0 13 15 10
1324 1 5.0 13 6 8
1325 2 15.0 13 2 9
1326 1 5.0 14 1 0
1327 0 5.0 14 7 5
1328 0 10.0 14 19 20
1329 1 30.0 14 9 10
1330 2 10.0 14 1 5
1331 1 50.0 14 20 18
1332 1 30.0 14 0 0
1333 2 10.0 14 11 13
1334 1 30.0 14 0 0
1335 0 15.0 14 18 0
1336 2 50.0 14 0 0
1337 0 15.0 14 8 9
1338 0 10.0 14 6 2
1339 0 15.0 14 15 3
1340 1 5.0 14 1 3
1341 1 10.0 14 20 17
1342 0 50.0 14 12 0
1343 0 50.0 14 0 0
1344 0 5.0 14 5 11
1345 0 10.0 14 16 0
1346 1 15.0 14 2 5
1347 0 50.0 14 4 0
1348 1 30.0 14 3 0
1349 0 15.0 14 11 0
1350 0 5.0 14 6 0
1351 2 10.0 15 18 2
1352 0 5.0 15 0 0
1353 0 50.0 15 0 0
1354 2 50.0 15 18 0
1355 1 50.0 15 0 0
1356 1 5.0 15 6 0
1357 0 10.0 15 13 19
1358 1 15.0 15 12 6
1359 0 30.0 15 3 5
1360 0 5.0 15 5 0
1361 0 10.0 15 1 10
1362 0 30.0 15 0 0
1363 1 50.0 15 18 9
1364 2 30.0 15 19 1
1365 1 15.0 15 13 12
1366 1 15.0 15 11 3
1367 1 5.0 15 1 0
1368 1 5.0 15 20 0
1369 2 15.0 15 2 12
1370 0 30.0 15 9 2
1371 0 15.0 15 0 0
1372 2 30.0 15 0 0
1373 0 30.0 15 16 0
1374 0 10.0 15 18 0
1375 0 5.0 15 16 13
1376 0 10.0 16 9 0
1377 1 50.0 16 0 0
1378 0 15.0 16 15 0
1379 1 5.0 16 0 0
1380 0 50.0 16 11 0
1381 2 15.0 16 3 0
1382 0 30.0 16 12 17
1383 0 30.0 16 15 0
1384 1 15.0 16 20 0
1385 2 5.0 16 13 15
1386 1 10.0 16 0 0
1387 1 5.0 16 7 9
1388 2 15.0 16 20 12
1389 0 50.0 16 4 5
1390 1 15.0 16 0 0
1391 1 50.0 16 5 0
1392 2 30.0 16 15 0
1393 0 10.0 16 17 8
1394 0 10.0 16 3 5
1395 2 50.0 16 8 12
1396 1 15.0 16 6 0
1397 0 30.0 16 20 19
1398 0 50.0 16 6 0
1399 0 15.0 16 4 9
1400 1 50.0 16 0 0
1401 0 10.0 17 0 0
1402 2 50.0 17 7 9
1403 0 15.0 17 9 7
1404 2 10.0 17 15 1
1405 0 10.0 17 8 4
1406 2 15.0 17 19 7
1407 0 15.0 17 8 0
1408 1 50.0 17 3 0
1409 2 15.0 17 7 0
1410 0 5.0 17 0 0
1411 1 30.0 17 0 0
1412 0 15.0 17 1 0
1413 0 5.0 17 0 0
1414 0 50.0 17 10 0
1415 2 30.0 17 6 0
1416 0 5.0 17 12 0
1417 0 10.0 17 16 0
1418 0 15.0 17 1 5
1419 1 5.0 17 19 14
1420 0 5.0 17 19 2
1421 2 30.0 17 0 0
1422 2 30.0 17 20 0
1423 1 50.0 17 13 0
1424 0 15.0 17 5 8
1425 0 10.0 17 2 0
1426 0 50.0 18 3 0
1427 0 10.0 18 0 0
1428 1 30.0 18 5 1
1429 0 10.0 18 14 15
1430 0 5.0 18 10 0
1431 0 5.0 18 20 0
1432 0 30.0 18 19 16
1433 1 30.0 18 6 0
1434 2 10.0 18 6 20
1435 1 10.0 18 14 0
1436 0 5.0 18 0 0
1437 2 30.0 18 0 0
1438 0 15.0 18 0 0
1439 0 5.0 18 17 0
1440 2 30.0 18 20 0
1441 0 10.0 18 1 0
1442 2 15.0 18 8 0
1443 1 30.0 18 15 5
1444 2 5.0 18 5 0
1445 2 30.0 18 0 0
1446 1 5.0 18 0 0
1447 0 50.0 18 15 0
1448 1 30.0 18 9 0
1449 1 10.0 18 0 0
1450 2 50.0 18 1 0
1451 2 30.0 19 9 0
1452 0 50.0 19 7 0
1453 0 10.0 19 0 0
1454 0 10.0 19 0 0
1455 1 15.0 19 16 11
1456 1 30.0 19 9 5
1457 0 50.0 19 4 5
1458 1 30.0 19 16 0
1459 2 10.0 19 3 5
1460 2 15.0 19 0 0
1461 1 15.0 19 0 0
1462 0 10.0 19 0 0
1463 2 10.0 19 0 0
1464 0 50.0 19 0 0
1465 0 15.0 19 17 0
1466 0 30.0 19 4 0
1467 0 15.0 19 3 0
1468 0 15.0 19 20 0
1469 0 5.0 19 14 0
1470 0 10.0 19 4 0
1471 0 50.0 19 8 0
1472 0 30.0 19 5 0
1473 1 50.0 19 7 5
1474 0 50.0 19 18 0
1475 0 5.0 19 0 0
1476 2 10.0 20 0 0
1477 2 50.0 20 0 0
1478 0 15.0 20 1 4
1479 2 15.0 20 12 0
1480 2 30.0 20 4 7
1481 2 5.0 20 19 0
1482 0 5.0 20 10 6
1483 0 5.0 20 0 0
1484 0 15.0 20 14 0
1485 1 5.0 20 1 0
1486 2 5.0 20 7 0
1487 0 5.0 20 3 0
1488 0 30.0 20 9 0
1489 2 30.0 20 2 0
1490 0 15.0 20 0 0
1491 0 15.0 20 0 0
1492 2 15.0 20 0 0
1493 1 5.0 20 6 0
1494 0 50.0 20 11 2
1495 0 5.0 20 0 0
1496 2 50.0 20 14 5
1497 0 30.0 20 6 0
1498 1 50.0 20 0 0
1499 0 10.0 20 19 0
1500 1 5.0 20 10 3