500

1001 1 50.0 1 3 0
1002 2 30.0 1 13 0
1003 0 30.0 1 11 5
1004 0 50.0 1 0 0
1005 0 30.0 1 0 0
1006 0 15.0 1 0 0
1007 0 5.0 1 0 0
1008 2 50.0 1 0 0
1009 0 5.0 1 0 0
1010 0 50.0 1 2 0
1011 2 15.0 1 0 0
1012 0 15.0 1 0 0
1013 0 15.0 1 0 0
1014 0 10.0 1 0 0
1015 0 15.0 1 14 7
1016 0 50.0 1 7 0
1017 2 10.0 1 3 0
1018 2 15.0 1 0 0
1019 0 50.0 1 0 0
1020 2 15.0 1 0 0
1021 2 10.0 1 0 0
1022 1 30.0 1 7 0
1023 0 50.0 1 0 0
1024 0 5.0 1 0 0
1025 2 5.0 1 0 0
1026 2 30.0 2 0 3
1027 2 5.0 2 0 0
1028 0 50.0 2 14 9
1029 1 15.0 2 13 0
1030 2 5.0 2 0 0
1031 1 15.0 2 7 0
1032 1 10.0 2 3 12
1033 2 50.0 2 19 0
1034 0 5.0 2 0 0
1035 0 15.0 2 0 0
1036 0 15.0 2 9 0
1037 1 15.0 2 12 8
1038 2 50.0 2 9 7
1039 1 50.0 2 15 0
1040 0 15.0 2 12 0
1041 0 50.0 2 0 0
1042 1 15.0 2 0 0
1043 0 15.0 2 0 0
1044 0 10.0 2 0 0
1045 0 15.0 2 13 8
1046 0 5.0 2 15 14
1047 0 50.0 2 0 0
1048 1 50.0 2 19 0
1049 0 15.0 2 0 0
1050 0 5.0 2 6 3
1051 0 5.0 3 1 12
1052 0 30.0 3 0 0
1053 2 5.0 3 0 0
1054 1 10.0 3 0 0
1055 0 15.0 3 0 0
1056 0 30.0 3 0 0
1057 1 15.0 3 0 0
1058 1 10.0 3 0 0
1059 0 5.0 3 0 0
1060 0 15.0 3 13 0
1061 2 15.0 3 4 2
1062 0 10.0 3 16 9
1063 0 30.0 3 0 0
1064 0 5.0 3 19 0
1065 0 10.0 3 15 0
1066 2 10.0 3 15 0
1067 1 15.0 3 5 9
1068 0 10.0 3 0 0
1069 0 50.0 3 0 0
1070 0 30.0 3 0 0
1071 0 5.0 3 0 0
1072 0 15.0 3 0 0
1073 0 15.0 3 0 0
1074 0 30.0 3 0 0
1075 1 15.0 3 0 0
1076 1 50.0 4 6 0
1077 0 5.0 4 2 0
1078 0 50.0 4 13 0
1079 2 10.0 4 5 10
1080 0 5.0 4 16 0
1081 0 15.0 4 19 6
1082 0 15.0 4 0 0
1083 0 30.0 4 16 0
1084 2 5.0 4 0 0
1085 2 50.0 4 0 0
1086 0 10.0 4 16 13
1087 0 30.0 4 3 0
1088 0 15.0 4 16 0
1089 0 50.0 4 9 0
1090 0 10.0 4 17 7
1091 0 30.0 4 11 3
1092 1 10.0 4 0 0
1093 0 50.0 4 0 0
1094 0 15.0 4 20 9
1095 0 30.0 4 19 0
1096 1 30.0 4 0 0
1097 0 30.0 4 0 0
1098 0 30.0 4 0 0
1099 0 50.0 4 0 0
1100 0 30.0 4 0 0
1101 0 50.0 5 0 0
1102 0 30.0 5 0 0
1103 0 10.0 5 0 0
1104 0 30.0 5 0 0
1105 1 50.0 5 19 2
1106 0 50.0 5 2 10
1107 0 10.0 5 17 0
1108 0 15.0 5 3 0
1109 0 50.0 5 7 0
1110 0 30.0 5 16 3
1111 0 15.0 5 17 0
1112 0 30.0 5 20 0
1113 0 15.0 5 19 4
1114 2 15.0 5 18 3
1115 1 10.0 5 3 9
1116 0 50.0 5 13 1
1117 0 50.0 5 2 0
1118 0 5.0 5 3 4
1119 0 10.0 5 0 0
1120 0 10.0 5 1 0
1121 0 30.0 5 2 0
1122 0 5.0 5 9 0
1123 0 30.0 5 0 0
1124 0 30.0 5 0 0
1125 0 50.0 5 0 0
1126 0 10.0 6 18 0
1127 0 15.0 6 1 0
1128 2 15.0 6 11 0
1129 1 10.0 6 19 10
1130 1 30.0 6 1 7
1131 2 30.0 6 20 3
1132 0 15.0 6 9 0
1133 2 5.0 6 18 0
1134 0 5.0 6 20 0
1135 0 50.0 6 4 0
1136 0 5.0 6 19 14
1137 0 5.0 6 0 0
1138 0 30.0 6 0 0
1139 0 5.0 6 0 0
1140 0 5.0 6 0 0
1141 0 5.0 6 0 0
1142 2 50.0 6 0 0
1143 0 50.0 6 0 0
1144 0 10.0 6 18 8
1145 0 10.0 6 0 0
1146 1 10.0 6 0 0
1147 1 15.0 6 0 0
1148 0 5.0 6 0 0
1149 0 10.0 6 0 0
1150 0 30.0 6 0 0
1151 0 30.0 7 17 5
1152 0 15.0 7 19 0
1153 1 5.0 7 0 0
1154 0 50.0 7 0 0
1155 0 30.0 7 0 0
1156 0 15.0 7 14 8
1157 0 5.0 7 10 0
1158 0 10.0 7 12 0
1159 0 30.0 7 5 8
1160 0 30.0 7 17 0
1161 1 10.0 7 19 0
1162 1 15.0 7 11 0
1163 0 5.0 7 2 0
1164 0 10.0 7 20 0
1165 1 15.0 7 0 0
1166 0 10.0 7 0 0
1167 0 30.0 7 0 0
1168 0 50.0 7 0 0
1169 0 30.0 7 0 0
1170 2 30.0 7 5 4
1171 1 10.0 7 15 9
1172 0 50.0 7 6 0
1173 0 10.0 7 5 0
1174 1 10.0 7 6 0
1175 0 5.0 7 18 14
1176 0 5.0 8 9 0
1177 0 10.0 8 0 0
1178 0 5.0 8 3 0
1179 1 50.0 8 0 0
1180 1 15.0 8 10 0
1181 0 50.0 8 11 5
1182 0 30.0 8 0 0
1183 2 10.0 8 12 0
1184 1 50.0 8 0 0
1185 1 30.0 8 14 7
1186 1 5.0 8 0 0
1187 0 5.0 8 0 0
1188 0 50.0 8 16 18
1189 2 15.0 8 0 0
1190 1 30.0 8 0 0
1191 2 15.0 8 0 0
1192 2 5.0 8 3 0
1193 0 50.0 8 0 0
1194 0 15.0 8 0 0
1195 0 5.0 8 9 0
1196 2 30.0 8 0 0
1197 1 30.0 8 0 0
1198 0 5.0 8 0 0
1199 1 50.0 8 6 17
1200 0 5.0 8 0 0
1201 0 30.0 9 8 0
1202 1 15.0 9 0 0
1203 0 15.0 9 0 0
1204 0 15.0 9 2 7
1205 1 50.0 9 0 0
1206 0 10.0 9 3 0
1207 2 15.0 9 20 0
1208 1 5.0 9 13 3
1209 1 30.0 9 10 17
1210 0 10.0 9 1 2
1211 0 10.0 9 10 7
1212 1 5.0 9 20 0
1213 0 10.0 9 2 0
1214 2 50.0 9 2 0
1215 0 30.0 9 14 12
1216 2 5.0 9 2 0
1217 2 50.0 9 0 0
1218 1 50.0 9 0 0
1219 0 30.0 9 6 0
1220 2 10.0 9 3 16
1221 0 30.0 9 8 0
1222 1 15.0 9 15 0
1223 1 10.0 9 5 0
1224 0 30.0 9 14 7
1225 1 5.0 9 11 0
1226 2 5.0 10 7 0
1227 2 5.0 10 1 19
1228 2 30.0 10 5 0
1229 2 10.0 10 7 5
1230 1 50.0 10 2 0
1231 2 50.0 10 0 0
1232 2 5.0 10 8 0
1233 1 15.0 10 6 0
1234 2 10.0 10 0 0
1235 0 15.0 10 0 0
1236 0 15.0 10 0 0
1237 0 5.0 10 1 0
1238 1 10.0 10 2 5
1239 2 30.0 10 16 0
1240 0 50.0 10 7 0
1241 2 5.0 10 15 11
1242 1 50.0 10 13 0
1243 1 10.0 10 12 0
1244 2 15.0 10 11 2
1245 1 15.0 10 0 0
1246 2 10.0 10 0 0
1247 2 30.0 10 0 0
1248 1 15.0 10 0 0
1249 1 50.0 10 7 1
1250 2 15.0 10 5 9
1251 2 30.0 11 0 0
1252 0 15.0 11 0 0
1253 1 5.0 11 0 0
1254 2 10.0 11 10 4
1255 2 30.0 11 4 0
1256 0 5.0 11 6 0
1257 1 10.0 11 0 0
1258 0 30.0 11 13 0
1259 1 5.0 11 0 0
1260 0 30.0 11 0 0
1261 2 30.0 11 0 0
1262 0 50.0 11 0 0
1263 0 15.0 11 0 0
1264 0 30.0 11 0 0
1265 2 15.0 11 0 0
1266 0 5.0 11 0 0
1267 2 30.0 11 0 0
1268 2 10.0 11 20 8
1269 1 50.0 11 0 0
1270 2 15.0 11 0 0
1271 0 15.0 11 12 0
1272 0 15.0 11 1 0
1273 0 10.0 11 4 7
1274 0 5.0 11 12 7
1275 0 30.0 11 17 4
1276 0 50.0 12 3 5
1277 0 10.0 12 12 3
1278 1 30.0 12 14 11
1279 2 10.0 12 4 0
1280 1 10.0 12 0 0
1281 2 50.0 12 0 0
1282 2 10.0 12 0 0
1283 0 5.0 12 3 0
1284 2 15.0 12 11 18
1285 0 10.0 12 4 2
1286 1 15.0 12 19 0
1287 2 50.0 12 3 17
1288 1 50.0 12 0 0
1289 1 30.0 12 0 0
1290 1 5.0 12 0 0
1291 0 30.0 12 1 0
1292 2 10.0 12 0 0
1293 0 30.0 12 9 18
1294 0 30.0 12 20 9
1295 0 50.0 12 17 6
1296 0 10.0 12 0 0
1297 0 15.0 12 2 7
1298 2 5.0 12 18 1
1299 2 5.0 12 9 7
1300 1 10.0 12 6 0
1301 1 15.0 13 14 6
1302 2 30.0 13 15 3
1303 0 5.0 13 0 0
1304 1 5.0 13 0 0
1305 2 5.0 13 0 0
1306 1 30.0 13 0 0
1307 0 50.0 13 0 0
1308 2 10.0 13 0 0
1309 1 30.0 13 9 14
1310 0 30.0 13 7 0
1311 0 5.0 13 0 0
1312 1 30.0 13 0 0
1313 2 30.0 13 0 0
1314 0 50.0 13 14 11
1315 0 5.0 13 19 2
1316 0 50.0 13 8 1
1317 1 10.0 13 0 0
1318 2 50.0 13 17 6
1319 0 10.0 13 0 0
1320 0 30.0 13 11 3
1321 2 50.0 13 0 0
1322 0 10.0 13 5 0
1323 2 5.0 13 3 0
1324 1 15.0 13 19 9
1325 2 15.0 13 18 11
1326 2 15.0 14 0 0
1327 1 10.0 14 0 0
1328 0 50.0 14 0 0
1329 2 50.0 14 0 0
1330 0 50.0 14 0 0
1331 2 5.0 14 0 0
1332 2 5.0 14 0 0
1333 2 10.0 14 3 1
1334 0 10.0 14 5 0
1335 2 5.0 14 0 0
1336 1 50.0 14 4 0
1337 0 10.0 14 0 0
1338 1 10.0 14 11 13
1339 0 10.0 14 9 0
1340 1 10.0 14 5 6
1341 1 50.0 14 0 0
1342 0 50.0 14 16 0
1343 2 15.0 14 7 13
1344 0 50.0 14 19 0
1345 2 50.0 14 0 0
1346 0 5.0 14 17 0
1347 1 50.0 14 8 0
1348 1 15.0 14 2 9
1349 0 10.0 14 16 5
1350 0 5.0 14 17 18
1351 0 10.0 15 11 9
1352 0 15.0 15 8 1
1353 0 30.0 15 9 17
1354 0 50.0 15 9 18
1355 1 10.0 15 6 7
1356 1 15.0 15 1 3
1357 1 50.0 15 0 0
1358 0 10.0 15 0 0
1359 2 5.0 15 0 0
1360 2 15.0 15 0 0
1361 0 10.0 15 0 0
1362 0 10.0 15 20 9
1363 1 5.0 15 0 0
1364 0 50.0 15 0 0
1365 1 5.0 15 0 0
1366 2 10.0 15 0 0
1367 2 30.0 15 1 0
1368 1 10.0 15 18 0
1369 1 50.0 15 6 3
1370 0 30.0 15 1 4
1371 1 50.0 15 11 6
1372 1 15.0 15 0 0
1373 1 5.0 15 1 5
1374 1 5.0 15 12 4
1375 2 30.0 15 9 8
1376 0 5.0 16 17 0
1377 0 50.0 16 19 6
1378 1 50.0 16 10 0
1379 0 50.0 16 6 0
1380 2 50.0 16 1 2
1381 2 5.0 16 18 4
1382 1 50.0 16 0 0
1383 0 15.0 16 0 0
1384 0 15.0 16 0 0
1385 0 15.0 16 0 0
1386 1 10.0 16 0 0
1387 2 5.0 16 11 0
1388 1 10.0 16 10 0
1389 0 5.0 16 0 0
1390 0 15.0 16 10 14
1391 0 10.0 16 6 0
1392 2 5.0 16 0 0
1393 1 10.0 16 12 3
1394 2 15.0 16 12 0
1395 1 30.0 16 17 0
1396 0 5.0 16 19 0
1397 0 30.0 16 13 0
1398 0 15.0 16 20 0
1399 2 50.0 16 0 0
1400 1 15.0 16 12 0
1401 2 5.0 17 19 0
1402 0 15.0 17 5 0
1403 0 30.0 17 20 0
1404 0 15.0 17 8 0
1405 1 50.0 17 2 13
1406 1 50.0 17 1 0
1407 0 10.0 17 20 9
1408 2 15.0 17 16 7
1409 0 10.0 17 0 0
1410 0 30.0 17 0 0
1411 0 10.0 17 0 0
1412 0 5.0 17 0 0
1413 2 50.0 17 14 0
1414 1 10.0 17 18 16
1415 2 10.0 17 0 0
1416 2 30.0 17 14 0
1417 1 30.0 17 14 0
1418 2 50.0 17 11 19
1419 2 50.0 17 0 0
1420 1 30.0 17 0 0
1421 1 10.0 17 1 12
1422 1 50.0 17 14 8
1423 0 50.0 17 0 0
1424 0 30.0 17 0 0
1425 0 30.0 17 0 0
1426 0 10.0 18 0 0
1427 0 5.0 18 6 0
1428 0 5.0 18 15 8
1429 1 15.0 18 10 9
1430 2 10.0 18 11 4
1431 1 5.0 18 4 0
1432 2 30.0 18 9 0
1433 0 15.0 18 15 8
1434 2 15.0 18 3 11
1435 0 5.0 18 0 0
1436 2 10.0 18 0 0
1437 2 10.0 18 0 0
1438 2 10.0 18 7 15
1439 1 30.0 18 4 0
1440 2 5.0 18 8 0
1441 2 30.0 18 15 0
1442 0 10.0 18 17 0
1443 1 30.0 18 13 5
1444 0 5.0 18 13 4
1445 2 50.0 18 5 1
1446 1 30.0 18 9 0
1447 2 10.0 18 19 0
1448 2 15.0 18 4 5
1449 0 10.0 18 9 6
1450 0 10.0 18 8 9
1451 0 10.0 19 14 5
1452 2 15.0 19 3 0
1453 2 5.0 19 11 9
1454 2 30.0 19 2 0
1455 2 50.0 19 15 0
1456 2 30.0 19 1 0
1457 2 15.0 19 13 0
1458 2 5.0 19 10 0
1459 1 10.0 19 5 9
1460 2 5.0 19 9 20
1461 0 10.0 19 4 9
1462 1 5.0 19 10 1
1463 1 50.0 19 3 0
1464 1 50.0 19 3 0
1465 1 15.0 19 8 17
1466 0 5.0 19 0 0
1467 0 5.0 19 1 0
1468 0 30.0 19 3 0
1469 0 50.0 19 8 0
1470 0 30.0 19 0 0
1471 0 15.0 19 18 1
1472 1 30.0 19 16 0
1473 0 5.0 19 0 0
1474 1 30.0 19 0 0
1475 2 5.0 19 16 3
1476 2 30.0 20 0 0
1477 2 30.0 20 13 12
1478 0 30.0 20 0 0
1479 0 15.0 20 17 19
1480 1 50.0 20 15 3
1481 1 5.0 20 19 6
1482 1 15.0 20 3 0
1483 2 15.0 20 0 0
1484 0 50.0 20 2 3
1485 0 5.0 20 0 0
1486 0 50.0 20 7 3
1487 1 15.0 20 13 8
1488 0 30.0 20 0 0
1489 1 50.0 20 17 18
1490 2 10.0 20 12 0
1491 0 5.0 20 8 0
1492 2 5.0 20 0 0
1493 2 30.0 20 18 17
1494 1 15.0 20 8 0
1495 1 15.0 20 14 0
1496 2 50.0 20 18 0
1497 1 5.0 20 14 0
1498 0 30.0 20 7 2
1499 1 50.0 20 19 7
1500 0 50.0 20 10 5