500

1001 1 10.0 8 16 1
1002 0 5.0 4 11 16
1003 0 50.0 9 0 0
1004 0 15.0 16 0 0
1005 0 5.0 8 0 0
1006 0 30.0 14 18 0
1007 1 15.0 6 0 0
1008 0 10.0 11 0 0
1009 2 5.0 18 1 0
1010 0 50.0 17 0 0
1011 1 15.0 1 0 0
1012 0 30.0 2 7 0
1013 0 5.0 7 0 0
1014 0 50.0 10 4 7
1015 2 5.0 17 2 0
1016 1 30.0 11 2 0
1017 0 50.0 5 0 0
1018 0 10.0 6 8 0
1019 1 30.0 10 15 0
1020 0 15.0 16 0 0
1021 0 15.0 9 0 0
1022 0 5.0 18 2 17
1023 2 5.0 2 5 0
1024 2 10.0 12 0 0
1025 0 30.0 15 7 0
1026 0 5.0 12 2 9
1027 0 5.0 15 18 0
1028 1 10.0 6 13 0
1029 0 5.0 17 0 0
1030 0 50.0 5 2 0
1031 0 15.0 13 0 0
1032 0 10.0 1 17 11
1033 0 5.0 5 15 0
1034 0 30.0 15 20 0
1035 1 15.0 7 10 13
1036 2 5.0 10 16 1
1037 1 50.0 15 0 0
1038 0 15.0 10 9 0
1039 2 5.0 9 16 0
1040 0 10.0 18 0 0
1041 2 10.0 13 0 0
1042 1 10.0 20 13 0
1043 0 30.0 14 1 0
1044 0 15.0 15 0 0
1045 1 5.0 7 0 0
1046 1 5.0 12 6 8
1047 0 15.0 5 0 0
1048 0 10.0 5 0 0
1049 1 5.0 20 0 0
1050 1 50.0 16 13 3
1051 0 30.0 14 3 0
1052 0 10.0 16 8 9
1053 1 30.0 7 0 0
1054 0 5.0 5 16 14
1055 0 15.0 18 4 8
1056 0 50.0 14 0 0
1057 0 10.0 15 0 0
1058 0 5.0 14 0 0
1059 0 5.0 9 4 0
1060 0 5.0 5 4 9
1061 0 10.0 6 17 1
1062 1 30.0 17 20 3
1063 1 5.0 11 0 0
1064 0 30.0 6 19 20
1065 2 10.0 9 15 14
1066 0 5.0 14 1 6
1067 0 15.0 14 8 0
1068 2 30.0 3 7 0
1069 0 15.0 15 0 0
1070 0 10.0 18 20 3
1071 2 15.0 6 7 0
1072 1 30.0 6 0 0
1073 2 5.0 7 1 8
1074 0 10.0 13 11 0
1075 0 15.0 19 0 0
1076 1 5.0 4 0 0
1077 1 30.0 16 0 0
1078 0 15.0 11 12 0
1079 1 5.0 11 0 0
1080 0 15.0 1 0 0
1081 0 15.0 4 3 6
1082 0 15.0 1 0 0
1083 1 10.0 13 9 14
1084 0 15.0 4 10 0
1085 2 10.0 17 0 0
1086 0 15.0 15 0 0
1087 1 30.0 11 7 4
1088 1 30.0 11 0 0
1089 1 15.0 3 0 0
1090 0 50.0 10 0 0
1091 0 5.0 12 0 0
1092 0 15.0 1 4 0
1093 2 15.0 15 0 0
1094 2 15.0 20 15 4
1095 2 5.0 17 0 0
1096 1 10.0 20 0 0
1097 1 15.0 5 0 0
1098 1 15.0 15 17 19
1099 1 30.0 11 6 0
1100 1 10.0 1 0 0
1101 0 15.0 4 0 0
1102 0 10.0 2 14 9
1103 1 50.0 15 0 0
1104 0 15.0 9 0 0
1105 2 15.0 7 12 1
1106 2 30.0 7 0 0
1107 0 50.0 6 14 13
1108 0 50.0 13 3 6
1109 0 15.0 1 0 0
1110 0 50.0 5 0 0
1111 2 10.0 12 0 0
1112 2 15.0 6 0 0
1113 1 50.0 2 0 0
1114 0 15.0 3 13 4
1115 2 30.0 19 0 0
1116 1 10.0 3 0 0
1117 2 15.0 5 9 0
1118 1 5.0 19 16 15
1119 0 10.0 15 0 0
1120 1 15.0 11 0 0
1121 0 5.0 16 5 6
1122 2 15.0 13 0 0
1123 2 10.0 17 5 0
1124 1 10.0 3 0 0
1125 2 10.0 16 2 0
1126 2 15.0 16 8 0
1127 0 10.0 15 17 8
1128 2 5.0 5 6 0
1129 2 10.0 9 13 0
1130 0 15.0 15 4 0
1131 1 10.0 3 6 0
1132 2 10.0 12 0 0
1133 0 30.0 5 12 2
1134 0 15.0 3 9 0
1135 0 10.0 3 7 0
1136 0 5.0 18 0 0
1137 2 5.0 16 0 0
1138 0 10.0 15 0 0
1139 1 30.0 2 0 0
1140 0 5.0 10 5 0
1141 0 5.0 8 16 0
1142 2 5.0 10 3 0
1143 2 15.0 7 5 0
1144 2 5.0 15 11 0
1145 2 5.0 12 6 0
1146 1 5.0 1 0 0
1147 0 30.0 4 2 0
1148 2 10.0 19 16 0
1149 2 30.0 3 11 0
1150 1 10.0 5 2 0
1151 0 30.0 2 8 17
1152 0 30.0 20 0 0
1153 2 5.0 6 0 0
1154 0 30.0 15 1 20
1155 0 30.0 11 15 0
1156 0 15.0 2 9 0
1157 0 30.0 2 12 0
1158 0 15.0 7 0 0
1159 2 15.0 15 3 0
1160 2 15.0 3 19 0
1161 1 30.0 7 5 2
1162 2 30.0 10 5 0
1163 1 10.0 14 16 0
1164 0 5.0 17 9 0
1165 1 15.0 13 0 0
1166 0 50.0 20 18 5
1167 2 50.0 7 10 0
1168 1 10.0 9 0 0
1169 0 10.0 5 0 0
1170 1 5.0 13 1 0
1171 0 10.0 2 12 0
1172 2 10.0 20 4 3
1173 2 15.0 5 0 0
1174 2 30.0 7 9 0
1175 2 5.0 17 6 0
1176 2 50.0 9 18 17
1177 0 50.0 20 0 0
1178 1 30.0 2 0 0
1179 2 10.0 6 0 0
1180 2 30.0 17 8 0
1181 2 10.0 6 9 0
1182 1 5.0 1 20 0
1183 0 10.0 1 2 0
1184 0 30.0 11 5 0
1185 2 50.0 5 4 0
1186 2 50.0 3 9 0
1187 2 30.0 15 14 0
1188 1 5.0 4 0 0
1189 0 5.0 17 0 0
1190 2 50.0 17 0 0
1191 0 30.0 12 20 2
1192 0 50.0 14 0 0
1193 0 30.0 10 1 0
1194 2 5.0 5 0 0
1195 0 15.0 9 0 0
1196 0 10.0 20 10 1
1197 2 10.0 8 13 0
1198 1 15.0 19 2 0
1199 2 5.0 4 1 11
1200 2 10.0 6 19 9
1201 0 50.0 2 0 0
1202 1 10.0 1 0 0
1203 0 5.0 1 19 11
1204 0 15.0 9 4 0
1205 0 30.0 7 0 0
1206 0 10.0 6 0 0
1207 2 10.0 6 1 18
1208 1 30.0 4 0 0
1209 0 5.0 4 0 0
1210 0 30.0 19 0 0
1211 1 50.0 8 1 0
1212 0 5.0 11 7 0
1213 0 10.0 13 18 0
1214 1 5.0 16 2 4
1215 1 50.0 8 16 1
1216 0 5.0 13 0 0
1217 2 5.0 20 0 0
1218 1 30.0 3 2 0
1219 0 30.0 8 3 4
1220 1 15.0 15 8 0
1221 2 30.0 18 11 0
1222 0 5.0 3 5 0
1223 1 50.0 15 0 0
1224 0 15.0 8 17 0
1225 2 5.0 14 1 0
1226 0 30.0 14 16 0
1227 2 5.0 18 7 0
1228 2 5.0 14 6 0
1229 2 30.0 18 1 19
1230 0 10.0 4 10 0
1231 1 15.0 20 0 0
1232 0 30.0 14 0 0
1233 2 15.0 8 0 0
1234 1 50.0 3 6 0
1235 0 5.0 17 7 0
1236 0 10.0 9 11 0
1237 1 30.0 4 16 0
1238 0 50.0 11 9 8
1239 2 30.0 10 9 4
1240 2 10.0 5 20 6
1241 0 10.0 18 4 0
1242 0 10.0 7 1 0
1243 2 5.0 3 0 0
1244 1 5.0 15 0 0
1245 0 15.0 20 0 0
1246 1 50.0 11 10 6
1247 0 50.0 7 0 0
1248 1 5.0 9 6 2
1249 0 30.0 11 0 0
1250 1 10.0 20 14 0
1251 1 15.0 19 0 0
1252 1 15.0 9 0 0
1253 1 50.0 2 7 8
1254 0 10.0 5 0 0
1255 0 15.0 16 7 0
1256 0 50.0 1 4 0
1257 0 50.0 4 0 0
1258 0 50.0 3 1 0
1259 0 30.0 17 0 0
1260 0 15.0 11 0 0
1261 0 15.0 8 7 0
1262 0 5.0 7 0 0
1263 0 50.0 19 0 0
1264 0 10.0 16 0 0
1265 1 30.0 16 0 0
1266 0 10.0 9 6 0
1267 1 5.0 14 0 0
1268 1 5.0 7 15 0
1269 0 50.0 11 0 0
1270 0 50.0 1 2 5
1271 1 10.0 15 5 0
1272 2 50.0 14 0 0
1273 1 5.0 2 0 0
1274 2 10.0 1 0 0
1275 1 5.0 9 4 0
1276 2 30.0 6 9 0
1277 1 5.0 10 0 0
1278 1 30.0 7 0 0
1279 0 5.0 4 0 0
1280 0 50.0 16 0 0
1281 0 5.0 4 2 0
1282 2 50.0 11 12 3
1283 1 5.0 9 0 0
1284 2 50.0 10 0 0
1285 2 15.0 10 0 0
1286 0 10.0 14 8 0
1287 1 50.0 7 18 0
1288 0 10.0 18 1 12
1289 1 30.0 1 12 0
1290 1 10.0 1 0 0
1291 2 30.0 11 9 0
1292 2 10.0 19 0 6
1293 0 30.0 19 0 0
1294 2 10.0 11 8 0
1295 0 10.0 5 17 1
1296 1 5.0 4 8 0
1297 2 30.0 9 0 0
1298 1 10.0 17 10 20
1299 0 10.0 1 7 0
1300 1 50.0 2 0 0
1301 2 10.0 4 0 0
1302 2 10.0 3 4 9
1303 0 10.0 12 16 0
1304 2 10.0 8 13 10
1305 2 30.0 3 0 0
1306 1 10.0 6 15 0
1307 1 15.0 2 8 9
1308 2 15.0 7 0 0
1309 1 30.0 1 2 0
1310 0 10.0 2 9 17
1311 0 50.0 9 2 0
1312 1 10.0 13 0 0
1313 2 30.0 2 8 0
1314 1 10.0 16 7 0
1315 1 10.0 16 20 13
1316 0 50.0 17 2 0
1317 1 30.0 8 0 0
1318 2 5.0 16 0 0
1319 1 30.0 17 13 6
1320 2 5.0 2 0 0
1321 2 15.0 16 9 0
1322 1 30.0 1 0 0
1323 1 50.0 12 9 5
1324 1 15.0 4 16 0
1325 1 10.0 14 0 0
1326 0 5.0 6 8 10
1327 0 50.0 2 8 0
1328 2 50.0 8 0 0
1329 2 15.0 16 0 0
1330 2 10.0 11 8 0
1331 2 10.0 16 18 9
1332 0 10.0 9 6 0
1333 2 5.0 3 4 0
1334 0 50.0 18 1 0
1335 1 50.0 19 0 0
1336 0 5.0 9 8 6
1337 1 5.0 8 19 7
1338 0 15.0 19 20 5
1339 2 15.0 8 1 0
1340 1 15.0 13 15 0
1341 1 5.0 2 7 0
1342 1 50.0 16 0 0
1343 2 15.0 11 14 0
1344 0 15.0 17 2 19
1345 0 30.0 5 6 0
1346 2 15.0 17 9 0
1347 0 30.0 9 0 0
1348 0 15.0 2 0 0
1349 0 15.0 20 0 0
1350 2 15.0 16 0 0
1351 2 50.0 14 0 0
1352 1 15.0 6 13 11
1353 2 30.0 6 0 0
1354 0 10.0 5 0 0
1355 2 10.0 8 1 0
1356 1 10.0 3 0 0
1357 2 5.0 18 6 0
1358 0 30.0 14 11 3
1359 0 10.0 3 15 16
1360 2 5.0 6 0 0
1361 1 10.0 18 0 0
1362 1 10.0 6 5 8
1363 1 10.0 14 0 0
1364 1 5.0 13 0 0
1365 1 15.0 9 20 12
1366 2 5.0 2 0 0
1367 2 30.0 16 0 0
1368 0 15.0 19 0 0
1369 2 5.0 8 0 0
1370 2 5.0 9 0 0
1371 0 10.0 7 0 0
1372 2 10.0 5 0 0
1373 1 30.0 6 15 17
1374 0 50.0 14 0 0
1375 1 5.0 2 0 0
1376 1 5.0 10 0 0
1377 1 30.0 12 0 0
1378 2 30.0 8 0 0
1379 1 10.0 16 0 0
1380 2 5.0 12 0 0
1381 2 10.0 2 0 0
1382 1 30.0 6 0 0
1383 0 15.0 19 0 0
1384 2 15.0 8 0 0
1385 0 30.0 18 0 0
1386 0 50.0 17 0 0
1387 1 50.0 1 0 0
1388 1 50.0 2 0 0
1389 2 15.0 20 0 0
1390 2 5.0 3 0 0
1391 1 50.0 12 0 0
1392 0 10.0 19 0 0
1393 2 10.0 3 0 0
1394 0 30.0 9 0 0
1395 2 10.0 16 19 2
1396 1 50.0 3 5 0
1397 0 5.0 19 1 0
1398 0 15.0 20 0 0
1399 1 10.0 4 0 0
1400 1 30.0 19 0 0
1401 2 10.0 4 13 12
1402 2 30.0 3 0 0
1403 0 30.0 11 0 0
1404 1 50.0 10 0 0
1405 1 5.0 5 0 0
1406 2 5.0 18 0 0
1407 1 50.0 8 6 0
1408 0 30.0 15 0 0
1409 0 15.0 5 0 0
1410 1 50.0 9 0 0
1411 1 15.0 5 0 0
1412 0 15.0 10 19 12
1413 2 15.0 18 1 0
1414 1 30.0 20 0 0
1415 0 10.0 14 11 8
1416 2 10.0 7 0 0
1417 2 30.0 14 0 0
1418 0 30.0 9 0 0
1419 1 10.0 12 7 5
1420 1 30.0 7 0 0
1421 0 5.0 6 17 0
1422 0 5.0 11 0 0
1423 0 15.0 13 9 0
1424 2 10.0 9 0 0
1425 1 30.0 2 20 5
1426 2 30.0 9 0 0
1427 2 5.0 17 1 0
1428 2 15.0 6 0 0
1429 2 5.0 17 4 0
1430 0 50.0 19 0 0
1431 0 30.0 14 17 4
1432 0 30.0 8 18 0
1433 2 5.0 16 0 0
1434 0 5.0 15 0 0
1435 2 30.0 12 15 6
1436 0 5.0 11 6 0
1437 2 10.0 9 0 0
1438 1 30.0 7 0 0
1439 0 30.0 12 6 0
1440 0 30.0 20 3 0
1441 1 50.0 10 0 0
1442 0 5.0 5 0 0
1443 0 5.0 14 0 0
1444 1 15.0 11 0 0
1445 0 50.0 4 0 0
1446 0 30.0 9 0 0
1447 0 5.0 16 0 0
1448 0 15.0 17 2 0
1449 1 50.0 9 8 0
1450 1 30.0 1 2 18
1451 1 15.0 16 0 0
1452 0 5.0 9 0 0
1453 0 10.0 16 0 0
1454 0 10.0 4 0 0
1455 0 15.0 7 0 0
1456 0 15.0 3 0 0
1457 0 5.0 15 0 0
1458 0 10.0 4 2 6
1459 2 5.0 18 1 0
1460 0 15.0 2 0 0
1461 1 10.0 8 0 0
1462 1 30.0 14 10 11
1463 1 30.0 9 0 0
1464 0 5.0 2 13 14
1465 0 15.0 19 9 2
1466 2 50.0 6 0 0
1467 0 10.0 4 0 0
1468 2 15.0 3 16 13
1469 2 15.0 7 0 0
1470 0 50.0 15 9 0
1471 2 30.0 4 6 0
1472 1 15.0 14 0 0
1473 0 15.0 9 8 0
1474 0 10.0 2 0 0
1475 1 5.0 10 0 0
1476 1 15.0 5 0 0
1477 2 50.0 13 0 0
1478 0 30.0 19 0 0
1479 1 5.0 1 0 0
1480 0 10.0 15 0 0
1481 1 50.0 12 0 0
1482 1 30.0 19 0 0
1483 2 15.0 8 0 0
1484 2 30.0 15 0 0
1485 0 15.0 18 11 6
1486 0 15.0 1 0 0
1487 2 50.0 14 9 0
1488 2 30.0 11 0 0
1489 0 30.0 16 6 20
1490 2 30.0 8 0 0
1491 1 15.0 13 0 0
1492 1 10.0 4 0 0
1493 2 50.0 11 0 0
1494 0 10.0 7 0 0
1495 2 30.0 3 0 0
1496 1 30.0 1 0 0
1497 1 10.0 6 0 0
1498 2 50.0 19 17 3
1499 1 10.0 3 0 0
1500 1 10.0 8 3 6