500

1001 1 50.0 11 2 19
1002 2 50.0 15 0 0
1003 0 15.0 3 0 0
1004 0 50.0 7 0 0
1005 0 5.0 19 0 0
1006 0 15.0 19 0 0
1007 0 15.0 15 0 0
1008 0 15.0 15 0 0
1009 0 50.0 17 0 0
1010 0 5.0 12 0 0
1011 0 5.0 14 0 0
1012 0 30.0 6 0 0
1013 0 30.0 11 0 0
1014 0 50.0 19 0 0
1015 0 50.0 9 0 0
1016 1 5.0 7 0 0
1017 2 10.0 10 0 0
1018 1 5.0 8 0 0
1019 1 15.0 3 0 0
1020 2 5.0 17 0 0
1021 0 50.0 8 0 0
1022 0 5.0 19 0 0
1023 1 50.0 15 0 0
1024 2 30.0 9 0 0
1025 2 50.0 2 0 0
1026 0 50.0 12 0 0
1027 0 30.0 8 0 0
1028 2 30.0 2 0 0
1029 2 15.0 5 19 7
1030 2 15.0 8 13 9
1031 1 30.0 13 17 14
1032 2 30.0 11 2 0
1033 1 10.0 4 8 0
1034 1 30.0 18 0 0
1035 0 15.0 4 0 0
1036 1 50.0 13 0 0
1037 0 15.0 4 0 0
1038 0 5.0 20 0 0
1039 0 15.0 10 0 0
1040 1 15.0 4 0 0
1041 0 10.0 6 0 0
1042 0 5.0 17 12 18
1043 0 10.0 2 3 5
1044 0 30.0 9 0 0
1045 2 15.0 1 0 0
1046 0 50.0 8 7 0
1047 0 30.0 13 11 20
1048 0 10.0 18 0 0
1049 1 50.0 16 13 5
1050 1 5.0 15 18 14
1051 2 50.0 6 18 0
1052 2 15.0 8 1 15
1053 0 15.0 17 18 0
1054 0 50.0 8 0 0
1055 0 30.0 3 13 0
1056 0 50.0 17 10 0
1057 0 50.0 17 16 0
1058 1 15.0 8 11 0
1059 0 15.0 8 6 0
1060 0 10.0 19 12 0
1061 0 50.0 5 11 7
1062 0 10.0 15 14 10
1063 1 15.0 5 20 0
1064 0 50.0 2 17 0
1065 0 50.0 14 5 0
1066 2 30.0 4 8 7
1067 2 5.0 16 6 0
1068 0 10.0 8 2 0
1069 2 10.0 7 20 0
1070 1 50.0 9 20 0
1071 2 15.0 17 5 0
1072 0 50.0 18 15 0
1073 0 15.0 13 17 0
1074 1 50.0 13 4 0
1075 0 50.0 11 13 0
1076 0 15.0 7 19 0
1077 0 15.0 16 20 0
1078 0 5.0 8 20 0
1079 0 15.0 6 5 0
1080 1 30.0 19 7 0
1081 0 15.0 3 10 0
1082 0 30.0 13 2 0
1083 0 5.0 14 13 0
1084 1 10.0 19 10 14
1085 1 50.0 9 7 0
1086 2 15.0 13 18 17
1087 0 15.0 19 14 0
1088 1 10.0 5 1 0
1089 0 50.0 9 6 0
1090 0 15.0 4 10 0
1091 2 10.0 6 17 0
1092 1 15.0 18 19 3
1093 2 30.0 13 9 0
1094 0 5.0 14 8 20
1095 2 5.0 19 13 0
1096 0 15.0 5 7 0
1097 0 10.0 20 10 0
1098 0 10.0 20 18 0
1099 0 10.0 6 11 19
1100 0 10.0 14 8 0
1101 0 15.0 13 11 0
1102 0 5.0 11 18 14
1103 0 10.0 13 18 7
1104 0 15.0 9 2 17
1105 0 30.0 9 12 0
1106 0 10.0 8 15 0
1107 0 10.0 9 11 0
1108 0 10.0 20 1 15
1109 0 50.0 9 15 0
1110 0 15.0 17 13 0
1111 2 30.0 20 4 14
1112 2 30.0 10 16 0
1113 0 5.0 11 16 4
1114 0 50.0 11 0 0
1115 1 10.0 18 4 14
1116 1 50.0 6 17 0
1117 0 15.0 11 0 0
1118 1 10.0 17 0 0
1119 2 50.0 8 0 0
1120 1 15.0 16 0 0
1121 1 10.0 10 0 0
1122 2 5.0 18 0 0
1123 0 30.0 15 0 0
1124 1 30.0 17 0 0
1125 2 10.0 13 0 0
1126 1 30.0 3 0 0
1127 2 10.0 7 19 8
1128 1 30.0 15 3 1
1129 2 50.0 8 0 0
1130 0 50.0 8 0 0
1131 2 30.0 4 2 9
1132 1 30.0 2 0 0
1133 1 5.0 7 19 8
1134 0 15.0 3 0 0
1135 0 15.0 11 5 0
1136 2 50.0 19 0 0
1137 0 50.0 12 0 0
1138 1 10.0 12 0 0
1139 0 50.0 17 0 0
1140 0 50.0 18 0 0
1141 0 10.0 15 0 0
1142 2 15.0 13 0 0
1143 2 30.0 5 0 0
1144 0 5.0 19 0 0
1145 2 15.0 5 12 9
1146 1 30.0 14 0 0
1147 0 15.0 16 0 0
1148 0 15.0 11 0 0
1149 0 5.0 20 9 0
1150 0 15.0 19 2 0
1151 0 15.0 13 0 0
1152 0 30.0 17 5 0
1153 0 50.0 20 8 17
1154 0 50.0 5 0 0
1155 0 30.0 19 16 12
1156 0 15.0 10 9 6
1157 0 15.0 19 6 0
1158 0 30.0 2 4 0
1159 0 5.0 3 0 0
1160 0 50.0 6 0 0
1161 1 15.0 14 19 9
1162 1 15.0 5 3 0
1163 1 50.0 19 0 0
1164 1 30.0 1 0 0
1165 2 10.0 16 15 8
1166 0 30.0 14 0 0
1167 2 50.0 6 0 0
1168 2 15.0 1 0 0
1169 0 30.0 2 0 0
1170 1 10.0 16 0 0
1171 1 5.0 14 7 3
1172 0 15.0 1 3 0
1173 2 15.0 5 4 9
1174 2 10.0 18 11 0
1175 0 10.0 16 17 0
1176 0 10.0 6 7 17
1177 0 10.0 4 19 0
1178 1 5.0 13 9 0
1179 1 50.0 19 0 0
1180 0 30.0 5 0 0
1181 0 15.0 2 15 8
1182 1 5.0 18 8 1
1183 2 15.0 6 10 1
1184 2 30.0 12 17 8
1185 1 10.0 18 11 0
1186 0 5.0 1 3 0
1187 2 50.0 6 0 0
1188 0 5.0 1 0 0
1189 2 5.0 3 17 9
1190 1 50.0 6 8 0
1191 1 10.0 16 0 0
1192 0 50.0 8 0 0
1193 2 30.0 20 2 0
1194 1 10.0 12 4 0
1195 2 5.0 12 11 0
1196 2 10.0 11 20 0
1197 0 5.0 6 12 0
1198 1 10.0 5 11 14
1199 0 15.0 12 2 1
1200 2 15.0 6 16 0
1201 1 15.0 9 17 0
1202 0 50.0 19 5 0
1203 0 10.0 13 5 0
1204 0 50.0 12 13 6
1205 0 10.0 5 4 0
1206 2 5.0 17 9 0
1207 0 5.0 11 0 0
1208 2 10.0 8 3 0
1209 0 30.0 11 2 15
1210 0 30.0 16 13 0
1211 0 5.0 16 0 0
1212 1 50.0 15 7 16
1213 2 30.0 17 14 0
1214 1 10.0 8 2 15
1215 2 10.0 19 0 0
1216 1 10.0 11 19 7
1217 0 10.0 19 0 0
1218 2 10.0 9 18 0
1219 2 10.0 17 13 0
1220 2 50.0 3 15 0
1221 1 5.0 14 0 0
1222 0 5.0 8 0 0
1223 0 30.0 17 0 0
1224 2 10.0 5 0 0
1225 0 10.0 3 0 0
1226 0 10.0 11 0 0
1227 0 10.0 6 0 0
1228 1 5.0 1 0 0
1229 2 15.0 17 0 0
1230 2 30.0 2 0 0
1231 1 30.0 18 0 0
1232 0 30.0 17 0 0
1233 0 5.0 20 0 0
1234 0 50.0 13 0 0
1235 1 50.0 3 0 0
1236 0 5.0 12 0 0
1237 1 10.0 8 0 0
1238 2 5.0 12 0 0
1239 2 50.0 9 0 0
1240 2 15.0 15 0 0
1241 1 5.0 19 0 0
1242 0 10.0 16 0 0
1243 0 50.0 13 0 0
1244 0 10.0 2 0 0
1245 2 30.0 2 0 0
1246 1 10.0 5 0 0
1247 0 15.0 12 0 0
1248 2 30.0 4 0 0
1249 2 15.0 11 0 0
1250 2 50.0 1 0 0
1251 1 5.0 20 0 0
1252 2 15.0 9 0 0
1253 1 10.0 18 0 0
1254 0 50.0 5 0 0
1255 0 50.0 15 0 0
1256 0 50.0 7 0 0
1257 0 15.0 7 0 0
1258 2 50.0 14 0 0
1259 2 5.0 13 0 0
1260 0 30.0 12 0 0
1261 0 10.0 15 0 0
1262 0 50.0 15 0 0
1263 0 30.0 13 0 0
1264 0 50.0 3 0 0
1265 0 50.0 14 0 0
1266 0 30.0 7 0 0
1267 1 5.0 16 0 0
1268 1 5.0 5 0 0
1269 0 10.0 10 0 0
1270 2 10.0 15 0 0
1271 2 5.0 4 0 0
1272 1 50.0 7 2 0
1273 0 30.0 16 8 0
1274 2 50.0 19 0 0
1275 0 30.0 7 1 0
1276 0 30.0 4 12 0
1277 2 30.0 18 11 0
1278 0 50.0 10 3 11
1279 2 10.0 18 6 0
1280 1 5.0 8 0 0
1281 0 15.0 2 0 0
1282 0 10.0 9 8 0
1283 0 5.0 2 3 7
1284 0 30.0 14 12 0
1285 0 30.0 15 16 0
1286 0 10.0 12 7 0
1287 0 15.0 2 9 0
1288 0 5.0 12 0 0
1289 0 50.0 20 4 0
1290 1 50.0 4 3 0
1291 0 30.0 20 12 18
1292 2 30.0 13 10 12
1293 0 30.0 5 19 4
1294 0 10.0 18 16 0
1295 0 10.0 19 12 0
1296 0 15.0 16 19 0
1297 0 30.0 5 14 7
1298 1 30.0 6 16 13
1299 0 10.0 8 6 0
1300 0 10.0 15 0 0
1301 0 15.0 12 11 15
1302 0 15.0 14 12 0
1303 2 50.0 1 18 10
1304 0 50.0 15 0 0
1305 0 15.0 13 3 0
1306 0 50.0 8 0 0
1307 0 10.0 17 19 6
1308 0 5.0 10 0 0
1309 2 10.0 4 6 0
1310 0 5.0 11 0 0
1311 0 10.0 3 5 20
1312 0 15.0 13 8 1
1313 0 15.0 6 10 0
1314 0 10.0 19 3 17
1315 0 50.0 12 20 0
1316 2 15.0 15 0 0
1317 2 10.0 3 0 0
1318 0 10.0 10 0 0
1319 2 5.0 18 0 0
1320 1 15.0 14 0 0
1321 0 50.0 15 0 0
1322 2 50.0 6 0 0
1323 2 10.0 9 18 20
1324 1 15.0 3 14 11
1325 0 15.0 19 14 13
1326 2 5.0 17 18 0
1327 2 5.0 9 11 14
1328 0 50.0 20 5 7
1329 1 10.0 4 7 3
1330 0 10.0 6 2 18
1331 2 10.0 4 20 0
1332 1 5.0 8 18 0
1333 2 5.0 1 19 8
1334 1 30.0 11 8 0
1335 2 5.0 17 3 0
1336 0 10.0 8 2 4
1337 2 50.0 14 2 0
1338 0 50.0 9 3 0
1339 1 5.0 11 0 0
1340 2 50.0 6 0 0
1341 1 5.0 16 0 0
1342 0 10.0 11 0 0
1343 2 15.0 9 0 0
1344 0 15.0 17 0 0
1345 1 10.0 20 0 0
1346 2 30.0 2 0 0
1347 1 30.0 5 0 0
1348 0 5.0 18 0 0
1349 1 15.0 11 0 0
1350 0 50.0 10 0 0
1351 0 5.0 5 0 0
1352 2 5.0 9 0 0
1353 0 30.0 10 0 0
1354 0 5.0 12 0 0
1355 1 15.0 18 0 0
1356 2 30.0 10 0 0
1357 0 15.0 15 0 0
1358 1 10.0 15 0 0
1359 1 5.0 7 0 0
1360 0 10.0 13 0 0
1361 2 15.0 19 0 0
1362 2 50.0 10 0 0
1363 1 15.0 15 0 0
1364 2 10.0 13 0 0
1365 0 50.0 9 0 0
1366 1 50.0 19 14 18
1367 1 15.0 9 19 0
1368 0 5.0 13 20 0
1369 0 10.0 18 16 0
1370 2 5.0 8 11 5
1371 1 30.0 10 17 0
1372 2 50.0 20 14 18
1373 0 15.0 4 13 0
1374 2 15.0 13 12 0
1375 1 15.0 1 11 0
1376 0 10.0 6 20 15
1377 0 5.0 10 1 0
1378 0 5.0 16 14 0
1379 1 50.0 11 9 0
1380 0 30.0 12 5 19
1381 1 30.0 6 11 0
1382 0 50.0 19 9 6
1383 2 15.0 18 0 0
1384 2 30.0 14 2 0
1385 1 30.0 11 6 0
1386 0 50.0 6 0 0
1387 1 10.0 5 0 0
1388 2 10.0 20 0 0
1389 0 5.0 11 0 0
1390 0 15.0 19 0 0
1391 1 5.0 13 0 0
1392 0 5.0 20 11 0
1393 0 30.0 10 0 0
1394 0 5.0 4 19 1
1395 0 5.0 1 15 0
1396 1 5.0 7 4 0
1397 2 30.0 17 18 0
1398 0 15.0 20 17 0
1399 2 15.0 1 0 0
1400 0 30.0 13 3 0
1401 0 15.0 8 0 0
1402 1 50.0 16 4 0
1403 0 10.0 14 1 19
1404 2 30.0 15 11 9
1405 0 10.0 16 13 3
1406 2 30.0 14 1 0
1407 2 10.0 18 3 0
1408 1 50.0 13 4 0
1409 0 5.0 16 7 18
1410 1 15.0 7 0 0
1411 2 30.0 3 0 0
1412 2 5.0 17 0 0
1413 1 5.0 7 0 0
1414 0 5.0 10 2 13
1415 1 30.0 18 11 16
1416 0 10.0 9 19 5
1417 1 50.0 1 12 15
1418 1 5.0 17 20 14
1419 2 5.0 19 3 0
1420 2 15.0 16 15 2
1421 2 15.0 7 2 0
1422 1 10.0 6 0 0
1423 1 30.0 17 10 0
1424 0 30.0 14 0 0
1425 2 50.0 3 0 0
1426 2 30.0 5 0 0
1427 2 5.0 17 0 0
1428 2 30.0 17 6 11
1429 1 50.0 11 15 0
1430 2 30.0 20 16 0
1431 1 50.0 19 16 1
1432 0 30.0 3 0 0
1433 1 5.0 14 9 6
1434 0 15.0 14 5 12
1435 2 50.0 1 0 0
1436 2 30.0 4 2 0
1437 1 50.0 1 7 0
1438 2 10.0 9 0 0
1439 0 5.0 17 8 0
1440 0 10.0 1 10 16
1441 0 10.0 10 0 0
1442 2 50.0 9 8 0
1443 1 30.0 3 0 0
1444 2 50.0 5 6 2
1445 0 30.0 11 2 0
1446 2 30.0 12 1 8
1447 1 15.0 4 0 0
1448 2 30.0 16 0 0
1449 2 30.0 11 0 0
1450 2 30.0 8 0 0
1451 0 5.0 15 0 0
1452 1 5.0 20 5 2
1453 2 10.0 4 0 0
1454 0 15.0 10 0 0
1455 0 30.0 2 0 0
1456 0 30.0 9 0 0
1457 1 15.0 16 0 0
1458 1 10.0 12 0 0
1459 2 10.0 11 0 0
1460 1 50.0 6 0 0
1461 1 5.0 11 0 0
1462 2 15.0 10 0 0
1463 2 50.0 10 0 0
1464 2 10.0 14 0 0
1465 1 15.0 6 0 0
1466 1 30.0 10 0 0
1467 2 30.0 20 0 0
1468 1 15.0 7 0 0
1469 1 10.0 19 0 0
1470 1 10.0 7 0 0
1471 2 10.0 11 0 0
1472 1 15.0 10 0 0
1473 0 30.0 11 0 0
1474 1 50.0 18 0 0
1475 2 5.0 16 0 0
1476 1 5.0 3 0 0
1477 2 10.0 11 0 0
1478 2 30.0 12 0 0
1479 0 5.0 8 0 0
1480 1 30.0 20 0 0
1481 1 30.0 20 0 0
1482 0 50.0 4 0 0
1483 2 10.0 11 0 0
1484 1 15.0 2 9 10
1485 1 50.0 7 6 0
1486 1 10.0 14 5 0
1487 1 50.0 12 0 0
1488 2 50.0 1 0 0
1489 2 15.0 10 0 0
1490 0 15.0 3 0 0
1491 2 30.0 8 0 0
1492 0 15.0 6 0 0
1493 2 15.0 1 0 0
1494 0 50.0 2 0 0
1495 0 50.0 12 0 0
1496 1 5.0 20 3 0
1497 2 5.0 12 4 0
1498 0 30.0 18 15 0
1499 2 30.0 11 5 19
1500 2 15.0 12 9 11