500

1001 0 5.0 11 4 3
1002 0 30.0 2 18 0
1003 0 5.0 4 2 18
1004 0 15.0 20 15 16
1005 1 10.0 20 0 0
1006 0 15.0 16 0 0
1007 0 30.0 9 0 0
1008 2 50.0 8 0 0
1009 2 50.0 16 0 0
1010 2 5.0 3 0 0
1011 1 15.0 5 0 0
1012 2 30.0 18 0 0
1013 2 30.0 17 0 0
1014 2 10.0 7 0 0
1015 1 5.0 6 0 0
1016 2 5.0 15 0 0
1017 2 15.0 4 0 0
1018 0 30.0 15 0 0
1019 2 30.0 19 0 0
1020 1 50.0 6 0 0
1021 0 30.0 12 0 0
1022 0 50.0 10 0 0
1023 1 30.0 5 0 0
1024 1 30.0 4 0 0
1025 2 30.0 2 0 0
1026 0 5.0 18 0 0
1027 2 15.0 15 0 0
1028 1 5.0 13 0 0
1029 1 50.0 12 0 0
1030 0 5.0 13 0 0
1031 0 10.0 14 0 0
1032 0 30.0 17 0 0
1033 0 10.0 18 0 0
1034 0 10.0 18 0 0
1035 0 5.0 5 0 0
1036 0 30.0 20 0 0
1037 0 30.0 17 0 0
1038 0 5.0 18 0 0
1039 0 50.0 7 0 0
1040 0 5.0 17 0 0
1041 0 50.0 20 0 0
1042 0 5.0 16 0 0
1043 0 15.0 17 0 0
1044 0 10.0 3 0 0
1045 0 15.0 14 0 0
1046 0 30.0 20 0 0
1047 1 50.0 18 0 0
1048 1 10.0 10 0 0
1049 1 5.0 18 0 0
1050 1 10.0 3 0 0
1051 1 30.0 19 0 0
1052 1 10.0 10 0 0
1053 1 5.0 13 0 0
1054 1 10.0 5 0 0
1055 1 15.0 20 0 0
1056 1 30.0 17 0 0
1057 0 10.0 1 0 0
1058 0 5.0 5 0 0
1059 0 10.0 11 0 0
1060 2 30.0 16 0 0
1061 2 50.0 7 0 0
1062 2 5.0 10 0 0
1063 2 5.0 11 0 0
1064 2 10.0 5 0 0
1065 2 15.0 3 0 0
1066 2 15.0 3 0 0
1067 2 30.0 10 0 0
1068 2 5.0 3 0 0
1069 2 5.0 10 0 0
1070 2 5.0 10 0 0
1071 2 50.0 3 0 0
1072 0 5.0 16 0 0
1073 0 30.0 13 0 0
1074 0 15.0 16 0 0
1075 0 30.0 14 0 0
1076 0 30.0 20 0 0
1077 0 50.0 1 0 0
1078 0 10.0 15 0 0
1079 0 10.0 11 0 0
1080 0 10.0 17 0 0
1081 0 30.0 18 0 0
1082 0 15.0 2 0 0
1083 0 5.0 15 0 0
1084 0 10.0 17 0 0
1085 0 10.0 7 0 0
1086 0 15.0 12 0 0
1087 0 50.0 7 0 0
1088 0 15.0 15 0 0
1089 0 30.0 5 0 0
1090 0 15.0 20 0 0
1091 0 50.0 3 0 0
1092 0 15.0 7 0 0
1093 0 15.0 7 0 0
1094 0 10.0 1 0 0
1095 0 50.0 9 0 0
1096 0 10.0 9 0 0
1097 0 50.0 3 0 0
1098 0 15.0 19 0 0
1099 0 10.0 9 0 0
1100 1 5.0 13 0 0
1101 1 30.0 16 0 0
1102 1 10.0 3 0 0
1103 1 30.0 4 0 0
1104 1 5.0 1 0 0
1105 1 50.0 20 0 0
1106 1 5.0 12 0 0
1107 1 10.0 10 0 0
1108 1 30.0 2 0 0
1109 0 10.0 14 0 0
1110 0 15.0 6 0 0
1111 0 30.0 6 0 0
1112 2 30.0 6 0 0
1113 2 50.0 7 0 0
1114 2 5.0 19 0 0
1115 2 50.0 16 0 0
1116 2 5.0 19 0 0
1117 2 15.0 13 0 0
1118 2 30.0 9 0 0
1119 2 5.0 8 0 0
1120 2 5.0 4 0 0
1121 2 15.0 11 0 0
1122 0 30.0 4 0 0
1123 0 5.0 7 0 0
1124 0 30.0 16 0 0
1125 0 30.0 4 0 0
1126 0 5.0 3 0 0
1127 0 30.0 5 0 0
1128 0 5.0 10 0 0
1129 0 10.0 18 0 0
1130 0 10.0 6 0 0
1131 0 30.0 3 0 0
1132 0 5.0 10 0 0
1133 0 15.0 15 0 0
1134 0 5.0 13 0 0
1135 0 10.0 16 0 0
1136 0 5.0 10 0 0
1137 0 15.0 9 0 0
1138 0 15.0 11 0 0
1139 0 15.0 8 0 0
1140 0 50.0 8 0 0
1141 0 30.0 19 0 0
1142 0 15.0 3 0 0
1143 0 10.0 1 0 0
1144 0 50.0 2 0 0
1145 0 50.0 1 0 0
1146 0 50.0 8 0 0
1147 0 5.0 7 0 0
1148 0 10.0 9 0 0
1149 0 50.0 16 0 0
1150 0 5.0 12 0 0
1151 0 50.0 13 0 0
1152 0 50.0 11 0 0
1153 0 30.0 9 0 0
1154 0 15.0 8 0 0
1155 0 10.0 15 0 0
1156 0 10.0 17 0 0
1157 0 10.0 14 0 0
1158 0 15.0 12 0 0
1159 0 5.0 5 0 0
1160 0 5.0 9 0 0
1161 0 5.0 11 0 0
1162 0 15.0 16 7 0
1163 0 30.0 13 19 0
1164 0 30.0 8 7 0
1165 0 30.0 11 7 0
1166 0 5.0 13 18 0
1167 0 30.0 14 3 0
1168 0 50.0 9 17 0
1169 0 50.0 17 20 0
1170 0 10.0 6 7 0
1171 0 30.0 14 3 6
1172 0 5.0 19 9 5
1173 0 50.0 13 0 0
1174 0 30.0 16 14 18
1175 0 15.0 3 15 7
1176 0 15.0 16 13 0
1177 0 50.0 15 14 10
1178 0 10.0 19 4 10
1179 0 10.0 13 17 15
1180 0 50.0 5 10 8
1181 0 15.0 16 6 19
1182 0 50.0 16 11 3
1183 0 30.0 11 7 9
1184 0 10.0 14 18 15
1185 0 50.0 10 3 13
1186 0 15.0 11 6 19
1187 0 30.0 4 7 5
1188 0 15.0 18 3 20
1189 0 30.0 14 10 4
1190 1 10.0 14 9 0
1191 0 5.0 13 9 0
1192 0 10.0 2 7 0
1193 2 30.0 19 0 0
1194 1 15.0 2 0 0
1195 1 15.0 19 0 0
1196 1 50.0 19 0 0
1197 1 15.0 7 0 0
1198 2 30.0 19 0 0
1199 1 10.0 5 0 0
1200 2 15.0 17 0 0
1201 1 5.0 17 0 0
1202 0 5.0 8 0 0
1203 2 30.0 1 0 0
1204 1 10.0 13 0 0
1205 1 30.0 17 0 0
1206 0 15.0 12 0 0
1207 2 15.0 18 0 0
1208 2 30.0 4 0 0
1209 1 50.0 1 0 0
1210 0 50.0 10 0 0
1211 1 15.0 20 0 0
1212 2 10.0 7 0 0
1213 2 30.0 16 0 0
1214 1 30.0 2 0 0
1215 1 15.0 14 0 0
1216 0 5.0 18 0 0
1217 2 15.0 13 11 0
1218 2 30.0 15 4 0
1219 0 15.0 10 12 0
1220 2 5.0 18 17 0
1221 0 5.0 12 4 0
1222 0 50.0 15 0 0
1223 0 30.0 10 0 0
1224 1 50.0 18 0 0
1225 2 10.0 20 0 0
1226 1 30.0 14 0 0
1227 1 5.0 13 0 0
1228 1 5.0 15 0 0
1229 1 5.0 3 0 0
1230 1 30.0 17 0 0
1231 1 15.0 2 0 0
1232 2 10.0 10 0 0
1233 1 5.0 20 0 0
1234 1 10.0 8 0 0
1235 1 5.0 18 0 0
1236 0 15.0 17 0 0
1237 0 10.0 5 0 0
1238 0 50.0 13 0 0
1239 2 30.0 15 0 0
1240 2 5.0 12 0 0
1241 1 10.0 15 0 0
1242 1 30.0 12 0 0
1243 2 30.0 19 0 0
1244 1 5.0 8 0 0
1245 2 50.0 16 0 0
1246 1 50.0 3 0 0
1247 2 15.0 3 0 0
1248 1 30.0 17 0 0
1249 1 10.0 18 0 0
1250 2 30.0 14 0 0
1251 2 10.0 15 0 0
1252 2 50.0 18 0 0
1253 0 10.0 4 0 0
1254 1 10.0 20 0 0
1255 1 5.0 10 0 0
1256 0 50.0 1 0 0
1257 1 15.0 5 9 0
1258 0 30.0 19 10 0
1259 2 50.0 11 20 0
1260 0 10.0 5 8 0
1261 2 50.0 10 0 0
1262 2 50.0 7 0 0
1263 1 15.0 2 0 0
1264 1 30.0 3 0 0
1265 0 5.0 12 0 0
1266 1 5.0 20 0 0
1267 0 5.0 5 0 0
1268 2 15.0 3 0 0
1269 0 10.0 6 0 0
1270 0 10.0 20 0 0
1271 2 10.0 6 0 0
1272 1 10.0 15 0 0
1273 1 5.0 10 0 0
1274 0 15.0 1 13 0
1275 0 15.0 13 2 0
1276 1 50.0 8 0 0
1277 0 10.0 20 5 0
1278 2 10.0 2 10 0
1279 1 10.0 7 0 0
1280 2 15.0 1 14 0
1281 0 5.0 15 13 8
1282 0 50.0 16 6 12
1283 2 50.0 10 17 9
1284 2 30.0 10 8 5
1285 0 10.0 8 19 17
1286 1 50.0 18 15 10
1287 2 50.0 15 9 17
1288 2 15.0 20 18 8
1289 0 15.0 7 12 18
1290 2 10.0 9 4 12
1291 0 50.0 6 15 18
1292 2 15.0 19 15 17
1293 0 15.0 3 2 15
1294 2 5.0 3 7 16
1295 2 15.0 8 11 4
1296 2 50.0 8 10 4
1297 1 50.0 7 1 6
1298 0 50.0 18 0 0
1299 1 10.0 13 1 8
1300 2 5.0 6 2 20
1301 1 5.0 20 17 5
1302 2 15.0 19 11 18
1303 2 5.0 2 20 0
1304 2 10.0 10 1 19
1305 1 15.0 13 10 12
1306 0 30.0 16 2 3
1307 0 15.0 17 8 3
1308 2 30.0 14 2 0
1309 0 15.0 20 16 9
1310 2 50.0 20 5 1
1311 2 5.0 13 7 4
1312 1 15.0 10 12 15
1313 2 10.0 15 18 2
1314 0 10.0 3 7 17
1315 0 15.0 4 13 3
1316 2 10.0 6 2 15
1317 0 5.0 15 11 1
1318 1 5.0 14 1 6
1319 0 30.0 9 18 15
1320 2 30.0 19 5 15
1321 0 50.0 6 15 8
1322 2 50.0 2 1 10
1323 2 10.0 12 2 4
1324 1 10.0 16 10 13
1325 1 15.0 20 9 6
1326 1 50.0 10 6 7
1327 1 10.0 13 18 19
1328 0 10.0 1 13 6
1329 0 50.0 4 7 18
1330 1 50.0 13 8 9
1331 0 15.0 4 8 15
1332 2 50.0 8 16 12
1333 1 10.0 8 5 6
1334 0 5.0 3 4 6
1335 0 10.0 1 17 16
1336 1 5.0 3 0 0
1337 2 30.0 10 2 0
1338 0 5.0 10 17 4
1339 2 30.0 19 13 2
1340 2 30.0 9 14 2
1341 2 10.0 4 13 14
1342 2 30.0 11 18 1
1343 2 50.0 13 7 0
1344 0 50.0 12 7 0
1345 1 15.0 4 8 0
1346 1 5.0 10 19 0
1347 0 30.0 10 7 0
1348 2 30.0 8 13 0
1349 1 50.0 18 19 0
1350 0 50.0 17 11 0
1351 1 5.0 1 15 0
1352 2 10.0 3 6 0
1353 2 10.0 16 3 0
1354 0 10.0 18 20 0
1355 2 10.0 12 3 0
1356 0 5.0 15 16 0
1357 1 15.0 3 11 0
1358 0 30.0 18 14 0
1359 0 50.0 15 4 0
1360 0 10.0 16 20 0
1361 0 5.0 17 12 0
1362 2 5.0 9 12 0
1363 0 50.0 2 12 0
1364 2 15.0 18 10 0
1365 0 5.0 10 4 0
1366 2 5.0 14 7 0
1367 0 50.0 2 10 0
1368 2 30.0 11 13 0
1369 0 30.0 17 16 0
1370 1 15.0 18 7 0
1371 1 30.0 9 3 0
1372 2 50.0 20 6 0
1373 0 15.0 3 5 0
1374 0 50.0 18 6 0
1375 1 50.0 5 1 0
1376 2 50.0 16 17 0
1377 0 10.0 18 1 0
1378 0 5.0 7 6 0
1379 2 5.0 13 2 0
1380 1 15.0 20 7 0
1381 0 10.0 15 16 0
1382 0 30.0 1 4 0
1383 1 30.0 8 12 0
1384 1 5.0 2 8 0
1385 2 30.0 15 16 0
1386 1 10.0 5 13 0
1387 2 10.0 17 10 0
1388 2 10.0 7 18 0
1389 0 30.0 15 19 0
1390 1 10.0 12 10 0
1391 1 30.0 17 11 0
1392 1 30.0 12 2 0
1393 0 5.0 1 19 0
1394 0 15.0 8 5 0
1395 2 5.0 11 8 0
1396 2 15.0 17 20 0
1397 2 30.0 16 6 0
1398 0 5.0 12 6 0
1399 2 5.0 15 10 0
1400 1 50.0 13 7 0
1401 2 15.0 18 0 0
1402 0 30.0 17 0 0
1403 1 10.0 13 5 8
1404 0 30.0 6 11 2
1405 1 5.0 9 8 17
1406 2 15.0 16 19 0
1407 1 30.0 11 17 0
1408 2 15.0 19 0 0
1409 1 50.0 11 0 0
1410 2 10.0 6 0 0
1411 1 15.0 2 0 0
1412 1 10.0 9 0 0
1413 2 10.0 9 0 0
1414 1 15.0 3 0 0
1415 2 50.0 16 0 0
1416 2 5.0 11 0 0
1417 1 50.0 12 0 0
1418 2 30.0 2 0 0
1419 0 30.0 3 4 0
1420 0 5.0 18 15 0
1421 2 50.0 20 6 0
1422 0 15.0 6 7 0
1423 0 10.0 4 16 0
1424 1 15.0 9 19 0
1425 1 50.0 1 9 0
1426 2 15.0 15 16 0
1427 0 5.0 3 1 0
1428 1 5.0 4 0 0
1429 0 10.0 20 16 0
1430 2 10.0 20 7 0
1431 1 15.0 7 15 0
1432 0 5.0 18 17 0
1433 2 15.0 5 3 0
1434 1 15.0 12 13 0
1435 1 15.0 9 6 0
1436 2 5.0 14 16 0
1437 0 5.0 19 9 0
1438 1 15.0 6 15 0
1439 2 15.0 14 6 0
1440 0 50.0 15 13 0
1441 1 10.0 20 15 0
1442 0 10.0 13 9 0
1443 2 30.0 11 8 0
1444 1 5.0 1 13 0
1445 1 15.0 17 19 0
1446 0 5.0 5 1 0
1447 0 50.0 16 5 0
1448 1 5.0 7 18 0
1449 1 30.0 1 12 0
1450 1 50.0 17 13 0
1451 2 30.0 19 12 0
1452 1 5.0 16 6 0
1453 0 30.0 2 7 0
1454 2 15.0 3 7 0
1455 2 50.0 6 15 0
1456 0 15.0 16 20 0
1457 0 10.0 19 16 0
1458 2 30.0 13 12 0
1459 0 5.0 2 3 0
1460 1 10.0 15 10 0
1461 1 30.0 7 19 0
1462 1 10.0 8 6 0
1463 0 50.0 8 2 0
1464 2 15.0 4 20 0
1465 0 10.0 4 14 0
1466 1 15.0 3 16 0
1467 1 5.0 1 4 0
1468 1 5.0 12 10 0
1469 1 50.0 17 0 0
1470 1 5.0 18 10 0
1471 0 30.0 11 14 0
1472 1 50.0 1 8 0
1473 1 50.0 13 17 0
1474 1 50.0 2 3 0
1475 2 30.0 9 17 0
1476 0 10.0 3 4 0
1477 0 10.0 18 16 0
1478 0 15.0 17 16 20
1479 0 30.0 4 17 5
1480 0 10.0 4 7 19
1481 0 15.0 15 13 17
1482 1 30.0 9 1 16
1483 1 15.0 12 5 11
1484 0 10.0 18 1 8
1485 1 15.0 20 2 8
1486 0 15.0 10 13 19
1487 0 30.0 3 1 9
1488 0 50.0 10 5 15
1489 1 5.0 6 0 0
1490 0 15.0 17 15 10
1491 1 5.0 13 14 0
1492 0 30.0 8 14 0
1493 1 5.0 10 20 8
1494 2 30.0 6 7 2
1495 0 5.0 20 14 16
1496 1 5.0 14 12 15
1497 1 15.0 4 10 9
1498 2 10.0 9 6 20
1499 1 5.0 4 19 15
1500 2 10.0 2 9 20