500

1001 2 10.0 1 9 16
1002 1 15.0 1 2 0
1003 1 10.0 1 0 0
1004 0 10.0 1 0 0
1005 1 15.0 1 4 0
1006 1 30.0 1 8 0
1007 2 50.0 1 12 6
1008 2 30.0 1 0 0
1009 2 15.0 1 0 0
1010 1 30.0 1 0 0
1011 1 30.0 1 0 0
1012 0 15.0 1 0 0
1013 1 15.0 1 0 0
1014 1 15.0 1 0 0
1015 1 10.0 1 0 0
1016 2 30.0 1 0 0
1017 1 5.0 1 0 0
1018 2 15.0 1 4 0
1019 0 5.0 1 0 0
1020 1 30.0 1 18 8
1021 0 15.0 1 0 0
1022 2 5.0 1 0 0
1023 1 5.0 1 0 0
1024 2 15.0 1 0 0
1025 0 10.0 1 0 0
1026 1 5.0 2 0 0
1027 0 10.0 2 0 0
1028 1 10.0 2 0 0
1029 0 10.0 2 0 0
1030 0 30.0 2 1 0
1031 1 10.0 2 0 0
1032 1 10.0 2 12 15
1033 0 50.0 2 0 0
1034 2 10.0 2 15 5
1035 2 50.0 2 0 0
1036 2 15.0 2 1 0
1037 1 30.0 2 0 0
1038 0 50.0 2 0 0
1039 1 5.0 2 0 0
1040 2 30.0 2 0 0
1041 0 15.0 2 0 0
1042 0 50.0 2 0 0
1043 0 10.0 2 0 0
1044 1 15.0 2 0 0
1045 0 30.0 2 0 0
1046 1 50.0 2 0 0
1047 0 10.0 2 0 0
1048 1 15.0 2 0 0
1049 0 10.0 2 0 0
1050 1 15.0 2 0 0
1051 0 10.0 3 4 0
1052 0 15.0 3 0 0
1053 0 30.0 3 2 13
1054 1 50.0 3 9 1
1055 1 50.0 3 10 18
1056 1 15.0 3 0 0
1057 0 5.0 3 0 0
1058 1 5.0 3 0 0
1059 0 5.0 3 13 1
1060 2 50.0 3 8 0
1061 0 50.0 3 0 0
1062 0 5.0 3 0 0
1063 0 30.0 3 0 0
1064 1 30.0 3 0 0
1065 1 5.0 3 0 0
1066 1 5.0 3 0 0
1067 1 10.0 3 0 0
1068 0 15.0 3 0 0
1069 0 50.0 3 0 0
1070 1 30.0 3 0 0
1071 0 50.0 3 0 0
1072 0 50.0 3 0 0
1073 0 5.0 3 4 0
1074 0 15.0 3 0 0
1075 1 15.0 3 0 0
1076 0 15.0 4 0 0
1077 0 50.0 4 0 0
1078 1 5.0 4 0 0
1079 1 50.0 4 0 0
1080 1 10.0 4 0 0
1081 2 10.0 4 0 0
1082 1 15.0 4 3 0
1083 2 15.0 4 0 0
1084 0 30.0 4 0 0
1085 1 10.0 4 0 0
1086 0 5.0 4 11 0
1087 1 15.0 4 0 0
1088 1 50.0 4 9 0
1089 1 15.0 4 11 0
1090 0 30.0 4 0 0
1091 0 50.0 4 0 0
1092 0 10.0 4 0 0
1093 0 5.0 4 0 0
1094 2 5.0 4 7 0
1095 1 30.0 4 20 0
1096 1 5.0 4 0 0
1097 1 30.0 4 11 0
1098 0 10.0 4 0 0
1099 2 50.0 4 3 0
1100 1 5.0 4 9 0
1101 0 5.0 5 0 0
1102 1 10.0 5 6 0
1103 0 15.0 5 11 0
1104 1 50.0 5 0 0
1105 0 50.0 5 0 0
1106 2 30.0 5 0 0
1107 2 10.0 5 10 2
1108 1 30.0 5 20 4
1109 0 5.0 5 0 0
1110 0 10.0 5 18 13
1111 0 30.0 5 7 0
1112 0 50.0 5 8 10
1113 1 50.0 5 6 0
1114 0 10.0 5 18 0
1115 1 50.0 5 19 4
1116 1 15.0 5 18 4
1117 2 50.0 5 7 12
1118 1 30.0 5 20 16
1119 1 5.0 5 0 0
1120 1 10.0 5 0 0
1121 2 5.0 5 0 0
1122 0 5.0 5 0 0
1123 0 50.0 5 0 0
1124 1 5.0 5 0 0
1125 0 15.0 5 0 0
1126 0 30.0 6 0 0
1127 1 10.0 6 0 0
1128 0 5.0 6 0 0
1129 2 5.0 6 0 0
1130 0 10.0 6 0 0
1131 1 5.0 6 0 0
1132 0 10.0 6 0 0
1133 1 30.0 6 0 0
1134 0 15.0 6 0 0
1135 0 30.0 6 0 0
1136 2 50.0 6 0 0
1137 0 5.0 6 0 0
1138 0 5.0 6 0 0
1139 2 10.0 6 0 0
1140 1 5.0 6 0 0
1141 2 50.0 6 0 0
1142 1 15.0 6 0 0
1143 1 15.0 6 0 0
1144 0 30.0 6 0 0
1145 0 10.0 6 0 0
1146 0 10.0 6 0 0
1147 1 15.0 6 0 0
1148 0 10.0 6 0 0
1149 0 5.0 6 0 0
1150 1 5.0 6 0 0
1151 1 30.0 7 0 0
1152 1 5.0 7 0 0
1153 0 50.0 7 0 0
1154 1 10.0 7 0 0
1155 0 5.0 7 0 0
1156 1 5.0 7 0 0
1157 1 10.0 7 0 0
1158 1 30.0 7 0 0
1159 0 30.0 7 0 0
1160 0 10.0 7 0 0
1161 2 50.0 7 0 0
1162 2 15.0 7 0 0
1163 0 30.0 7 0 0
1164 0 15.0 7 0 0
1165 0 50.0 7 0 0
1166 1 50.0 7 19 0
1167 0 5.0 7 4 0
1168 1 5.0 7 9 0
1169 1 10.0 7 0 0
1170 0 10.0 7 0 0
1171 0 50.0 7 0 0
1172 1 30.0 7 2 0
1173 0 50.0 7 0 0
1174 1 10.0 7 15 0
1175 1 5.0 7 0 0
1176 0 50.0 8 0 0
1177 2 10.0 8 0 0
1178 1 15.0 8 0 0
1179 1 5.0 8 0 0
1180 1 10.0 8 0 0
1181 2 30.0 8 0 0
1182 1 30.0 8 0 0
1183 0 30.0 8 0 0
1184 1 50.0 8 0 0
1185 1 5.0 8 0 0
1186 0 30.0 8 0 0
1187 1 50.0 8 0 0
1188 0 10.0 8 0 0
1189 1 5.0 8 0 0
1190 0 10.0 8 0 0
1191 0 30.0 8 10 0
1192 1 30.0 8 12 0
1193 1 10.0 8 19 14
1194 1 5.0 8 1 0
1195 2 30.0 8 0 0
1196 0 50.0 8 0 0
1197 0 30.0 8 0 0
1198 1 10.0 8 0 0
1199 1 15.0 8 2 0
1200 1 10.0 8 11 2
1201 1 10.0 9 6 0
1202 2 5.0 9 20 8
1203 1 15.0 9 11 12
1204 0 15.0 9 13 0
1205 2 5.0 9 4 0
1206 0 30.0 9 0 0
1207 0 10.0 9 0 0
1208 0 5.0 9 0 0
1209 2 50.0 9 0 0
1210 1 10.0 9 0 0
1211 1 15.0 9 0 0
1212 1 30.0 9 0 0
1213 1 50.0 9 0 0
1214 0 10.0 9 0 0
1215 2 30.0 9 0 0
1216 0 50.0 9 0 0
1217 1 50.0 9 0 0
1218 0 30.0 9 0 0
1219 2 30.0 9 0 0
1220 1 5.0 9 0 0
1221 0 5.0 9 0 0
1222 0 15.0 9 11 0
1223 0 5.0 9 16 0
1224 0 50.0 9 17 0
1225 2 10.0 9 12 0
1226 1 5.0 10 0 0
1227 1 5.0 10 4 0
1228 1 10.0 10 20 0
1229 0 5.0 10 20 0
1230 1 5.0 10 5 0
1231 0 50.0 10 14 13
1232 1 15.0 10 9 3
1233 0 15.0 10 3 11
1234 2 50.0 10 0 0
1235 1 10.0 10 3 0
1236 1 5.0 10 0 0
1237 0 10.0 10 17 20
1238 1 50.0 10 3 2
1239 0 50.0 10 4 0
1240 1 10.0 10 0 0
1241 0 15.0 10 0 0
1242 2 30.0 10 0 0
1243 1 5.0 10 0 0
1244 1 15.0 10 0 0
1245 1 10.0 10 2 0
1246 0 15.0 10 0 0
1247 1 5.0 10 18 0
1248 1 15.0 10 0 0
1249 1 5.0 10 7 0
1250 1 30.0 10 0 0
1251 1 50.0 11 9 0
1252 1 50.0 11 16 0
1253 0 15.0 11 0 0
1254 0 10.0 11 9 4
1255 0 50.0 11 19 3
1256 0 15.0 11 16 12
1257 0 15.0 11 4 0
1258 0 10.0 11 9 1
1259 1 15.0 11 16 14
1260 0 15.0 11 19 20
1261 0 50.0 11 2 0
1262 0 30.0 11 0 0
1263 1 5.0 11 0 0
1264 2 5.0 11 1 0
1265 1 15.0 11 0 0
1266 2 50.0 11 14 0
1267 1 50.0 11 0 0
1268 0 30.0 11 8 0
1269 0 50.0 11 13 0
1270 0 5.0 11 0 0
1271 1 50.0 11 0 0
1272 0 5.0 11 5 0
1273 0 15.0 11 0 0
1274 0 15.0 11 0 0
1275 2 15.0 11 12 0
1276 2 30.0 12 3 0
1277 1 10.0 12 10 0
1278 2 10.0 12 6 0
1279 1 10.0 12 2 0
1280 1 30.0 12 5 0
1281 0 5.0 12 0 0
1282 2 5.0 12 14 0
1283 2 5.0 12 0 0
1284 1 10.0 12 10 0
1285 0 5.0 12 0 0
1286 0 50.0 12 6 7
1287 2 30.0 12 0 0
1288 0 10.0 12 9 0
1289 0 10.0 12 19 0
1290 1 15.0 12 0 0
1291 0 30.0 12 0 0
1292 0 50.0 12 0 0
1293 2 15.0 12 0 0
1294 0 30.0 12 0 0
1295 1 15.0 12 0 0
1296 1 30.0 12 0 0
1297 0 15.0 12 0 0
1298 1 50.0 12 0 0
1299 1 30.0 12 0 0
1300 0 50.0 12 0 0
1301 1 15.0 13 0 0
1302 0 15.0 13 0 0
1303 2 50.0 13 7 0
1304 1 50.0 13 8 0
1305 0 10.0 13 0 0
1306 1 5.0 13 0 0
1307 0 10.0 13 0 0
1308 2 30.0 13 0 0
1309 1 15.0 13 0 0
1310 0 5.0 13 0 0
1311 1 5.0 13 0 0
1312 1 50.0 13 0 0
1313 0 15.0 13 0 0
1314 2 5.0 13 6 0
1315 0 15.0 13 0 0
1316 2 30.0 13 0 0
1317 0 30.0 13 0 0
1318 2 15.0 13 0 0
1319 0 30.0 13 0 0
1320 2 5.0 13 0 0
1321 1 50.0 13 0 0
1322 0 30.0 13 0 0
1323 0 5.0 13 0 0
1324 1 15.0 13 0 0
1325 0 30.0 13 0 0
1326 0 15.0 14 0 0
1327 0 15.0 14 5 0
1328 2 30.0 14 0 0
1329 0 30.0 14 0 0
1330 2 50.0 14 17 7
1331 2 50.0 14 8 0
1332 0 15.0 14 8 4
1333 0 30.0 14 0 0
1334 0 50.0 14 4 0
1335 0 50.0 14 0 0
1336 1 5.0 14 0 0
1337 1 30.0 14 0 0
1338 1 15.0 14 0 0
1339 2 15.0 14 0 0
1340 1 10.0 14 0 0
1341 2 5.0 14 0 0
1342 0 50.0 14 0 0
1343 0 30.0 14 0 0
1344 1 5.0 14 5 0
1345 1 5.0 14 0 0
1346 0 10.0 14 2 0
1347 0 30.0 14 0 0
1348 1 30.0 14 0 0
1349 0 15.0 14 0 0
1350 0 10.0 14 0 0
1351 0 50.0 15 0 0
1352 0 10.0 15 0 0
1353 1 5.0 15 0 0
1354 1 5.0 15 0 0
1355 2 30.0 15 0 0
1356 1 30.0 15 0 0
1357 1 10.0 15 0 0
1358 2 10.0 15 0 0
1359 2 30.0 15 0 0
1360 2 30.0 15 0 0
1361 1 10.0 15 0 0
1362 0 50.0 15 0 0
1363 1 5.0 15 0 0
1364 2 30.0 15 0 0
1365 0 30.0 15 0 0
1366 0 30.0 15 0 0
1367 2 50.0 15 0 0
1368 1 15.0 15 0 0
1369 0 50.0 15 0 0
1370 1 5.0 15 10 0
1371 0 30.0 15 0 0
1372 2 15.0 15 0 0
1373 0 10.0 15 0 0
1374 0 30.0 15 4 0
1375 2 5.0 15 0 0
1376 0 50.0 16 0 0
1377 2 5.0 16 0 0
1378 1 5.0 16 0 0
1379 0 10.0 16 0 0
1380 1 30.0 16 0 0
1381 0 5.0 16 0 0
1382 1 15.0 16 0 0
1383 1 5.0 16 0 0
1384 2 5.0 16 0 0
1385 1 10.0 16 0 0
1386 2 50.0 16 0 0
1387 1 15.0 16 0 0
1388 0 50.0 16 0 0
1389 0 15.0 16 0 0
1390 0 30.0 16 0 0
1391 2 15.0 16 0 0
1392 0 50.0 16 0 0
1393 0 15.0 16 0 0
1394 1 5.0 16 0 0
1395 0 30.0 16 0 0
1396 1 10.0 16 0 0
1397 0 10.0 16 0 0
1398 2 50.0 16 0 0
1399 1 50.0 16 6 1
1400 2 10.0 16 7 0
1401 2 15.0 17 0 3
1402 0 50.0 17 0 0
1403 2 5.0 17 6 0
1404 1 15.0 17 0 0
1405 0 50.0 17 0 0
1406 0 5.0 17 19 8
1407 0 50.0 17 8 9
1408 1 30.0 17 0 0
1409 0 30.0 17 0 0
1410 2 10.0 17 9 7
1411 0 5.0 17 0 0
1412 1 50.0 17 0 0
1413 2 30.0 17 20 5
1414 1 5.0 17 13 8
1415 0 5.0 17 0 0
1416 2 5.0 17 0 0
1417 2 30.0 17 0 0
1418 1 5.0 17 0 0
1419 0 50.0 17 0 0
1420 1 30.0 17 1 3
1421 0 30.0 17 0 0
1422 1 50.0 17 0 0
1423 1 10.0 17 3 0
1424 2 50.0 17 0 0
1425 0 5.0 17 2 0
1426 1 15.0 18 0 0
1427 1 15.0 18 0 0
1428 0 10.0 18 7 0
1429 0 50.0 18 0 0
1430 1 10.0 18 0 0
1431 1 50.0 18 0 0
1432 1 15.0 18 0 0
1433 1 15.0 18 9 0
1434 2 10.0 18 0 0
1435 0 15.0 18 0 0
1436 2 30.0 18 5 0
1437 1 50.0 18 0 0
1438 1 50.0 18 6 0
1439 0 50.0 18 11 0
1440 2 50.0 18 0 0
1441 0 10.0 18 0 0
1442 1 5.0 18 9 0
1443 1 10.0 18 0 0
1444 2 10.0 18 0 0
1445 0 30.0 18 0 0
1446 0 15.0 18 0 0
1447 0 10.0 18 0 0
1448 2 30.0 18 0 0
1449 0 10.0 18 0 0
1450 2 10.0 18 0 0
1451 0 50.0 19 5 0
1452 0 30.0 19 0 0
1453 2 15.0 19 0 0
1454 1 15.0 19 2 0
1455 2 15.0 19 11 0
1456 1 5.0 19 0 0
1457 1 50.0 19 7 0
1458 1 10.0 19 0 0
1459 2 10.0 19 0 0
1460 0 10.0 19 0 0
1461 1 50.0 19 0 0
1462 2 10.0 19 13 0
1463 2 30.0 19 4 15
1464 1 30.0 19 0 0
1465 0 15.0 19 20 9
1466 2 10.0 19 11 8
1467 0 10.0 19 0 0
1468 1 30.0 19 7 5
1469 0 10.0 19 0 0
1470 0 50.0 19 0 0
1471 1 15.0 19 0 0
1472 1 15.0 19 9 0
1473 1 5.0 19 10 2
1474 0 15.0 19 9 15
1475 1 30.0 19 0 0
1476 0 5.0 20 0 0
1477 2 30.0 20 0 0
1478 0 50.0 20 0 0
1479 2 15.0 20 0 0
1480 2 10.0 20 0 0
1481 1 5.0 20 0 0
1482 1 30.0 20 16 0
1483 2 10.0 20 0 0
1484 1 30.0 20 15 0
1485 1 10.0 20 0 0
1486 1 30.0 20 0 0
1487 2 15.0 20 4 7
1488 1 15.0 20 0 0
1489 2 15.0 20 4 0
1490 2 30.0 20 5 0
1491 0 50.0 20 7 0
1492 1 15.0 20 0 0
1493 0 50.0 20 2 0
1494 1 30.0 20 0 0
1495 1 50.0 20 0 0
1496 1 15.0 20 0 0
1497 2 50.0 20 10 0
1498 2 5.0 20 0 0
1499 0 15.0 20 5 0
1500 1 50.0 20 0 0