500

1001 0 10.0 1 15 12
1002 0 15.0 1 14 4
1003 0 15.0 1 0 0
1004 1 10.0 1 0 0
1005 0 50.0 1 0 0
1006 0 10.0 1 0 0
1007 0 15.0 1 0 0
1008 0 5.0 1 0 0
1009 2 10.0 1 0 0
1010 1 5.0 1 0 0
1011 0 30.0 1 0 0
1012 0 5.0 1 0 0
1013 1 5.0 1 0 0
1014 2 50.0 1 0 0
1015 1 10.0 1 10 0
1016 1 50.0 1 0 0
1017 1 10.0 1 0 0
1018 2 10.0 1 0 0
1019 1 15.0 1 16 7
1020 0 10.0 1 9 0
1021 1 15.0 1 0 0
1022 0 50.0 1 7 0
1023 0 50.0 1 14 18
1024 0 5.0 1 5 0
1025 0 30.0 1 16 0
1026 0 50.0 2 0 0
1027 2 10.0 2 0 0
1028 0 10.0 2 0 0
1029 0 10.0 2 0 0
1030 2 15.0 2 0 0
1031 0 50.0 2 0 0
1032 2 50.0 2 0 0
1033 1 10.0 2 0 0
1034 0 30.0 2 0 0
1035 0 50.0 2 0 0
1036 1 50.0 2 0 0
1037 0 5.0 2 0 0
1038 1 5.0 2 0 0
1039 0 5.0 2 16 0
1040 0 10.0 2 20 0
1041 2 5.0 2 3 19
1042 2 15.0 2 9 10
1043 0 10.0 2 0 0
1044 1 10.0 2 17 7
1045 0 15.0 2 18 0
1046 1 15.0 2 8 0
1047 0 5.0 2 9 0
1048 1 10.0 2 8 3
1049 0 15.0 2 0 0
1050 0 15.0 2 0 0
1051 0 50.0 3 0 0
1052 0 5.0 3 19 9
1053 2 15.0 3 0 0
1054 0 50.0 3 18 0
1055 0 30.0 3 9 18
1056 0 5.0 3 18 0
1057 1 5.0 3 20 18
1058 0 15.0 3 17 2
1059 0 10.0 3 4 8
1060 0 30.0 3 19 5
1061 0 50.0 3 0 0
1062 0 15.0 3 0 0
1063 0 15.0 3 0 0
1064 2 15.0 3 0 0
1065 0 50.0 3 0 0
1066 1 50.0 3 19 0
1067 1 15.0 3 0 0
1068 0 30.0 3 0 0
1069 0 15.0 3 0 0
1070 2 30.0 3 14 5
1071 0 10.0 3 0 0
1072 1 30.0 3 0 0
1073 2 50.0 3 4 0
1074 2 50.0 3 19 7
1075 0 30.0 3 0 0
1076 2 15.0 4 0 0
1077 0 10.0 4 12 2
1078 2 5.0 4 0 0
1079 0 10.0 4 0 0
1080 0 30.0 4 0 0
1081 0 10.0 4 0 0
1082 0 10.0 4 0 0
1083 0 30.0 4 0 0
1084 1 15.0 4 0 0
1085 1 15.0 4 13 3
1086 0 50.0 4 0 0
1087 0 15.0 4 0 0
1088 0 50.0 4 0 0
1089 1 15.0 4 0 0
1090 0 15.0 4 0 0
1091 0 10.0 4 9 12
1092 1 30.0 4 1 6
1093 0 50.0 4 11 12
1094 0 30.0 4 14 7
1095 0 15.0 4 0 0
1096 0 10.0 4 16 9
1097 2 50.0 4 0 0
1098 0 50.0 4 2 0
1099 0 10.0 4 3 2
1100 2 50.0 4 0 0
1101 0 10.0 5 0 0
1102 0 50.0 5 0 0
1103 0 30.0 5 0 0
1104 0 10.0 5 0 0
1105 2 10.0 5 10 8
1106 2 50.0 5 9 0
1107 1 15.0 5 10 0
1108 1 15.0 5 16 1
1109 0 10.0 5 0 0
1110 1 10.0 5 6 0
1111 2 30.0 5 17 0
1112 2 50.0 5 9 0
1113 0 30.0 5 15 0
1114 0 10.0 5 17 3
1115 0 30.0 5 16 9
1116 0 5.0 5 1 0
1117 2 5.0 5 20 1
1118 2 5.0 5 2 20
1119 0 30.0 5 9 0
1120 0 50.0 5 19 0
1121 2 10.0 5 4 7
1122 1 5.0 5 3 0
1123 0 30.0 5 6 0
1124 0 50.0 5 3 16
1125 0 5.0 5 0 0
1126 0 5.0 6 0 0
1127 2 30.0 6 0 0
1128 0 5.0 6 0 0
1129 0 10.0 6 0 0
1130 0 30.0 6 0 0
1131 2 5.0 6 0 0
1132 0 50.0 6 0 0
1133 0 30.0 6 0 0
1134 0 10.0 6 0 0
1135 0 5.0 6 0 0
1136 2 15.0 6 0 0
1137 2 10.0 6 4 0
1138 0 15.0 6 20 0
1139 1 10.0 6 0 0
1140 0 30.0 6 13 0
1141 0 15.0 6 3 5
1142 1 5.0 6 0 0
1143 0 10.0 6 0 0
1144 0 15.0 6 0 0
1145 1 10.0 6 0 0
1146 0 30.0 6 0 0
1147 0 15.0 6 0 0
1148 0 15.0 6 0 0
1149 0 30.0 6 2 4
1150 0 50.0 6 8 0
1151 2 15.0 7 0 0
1152 2 30.0 7 0 0
1153 0 5.0 7 0 0
1154 1 5.0 7 0 0
1155 0 5.0 7 0 0
1156 2 5.0 7 0 0
1157 0 50.0 7 3 0
1158 0 10.0 7 0 0
1159 0 30.0 7 14 3
1160 0 5.0 7 0 0
1161 2 15.0 7 0 0
1162 0 50.0 7 0 0
1163 0 5.0 7 0 0
1164 0 30.0 7 0 0
1165 0 5.0 7 0 0
1166 0 50.0 7 0 0
1167 2 5.0 7 0 0
1168 0 15.0 7 0 0
1169 0 5.0 7 16 17
1170 0 30.0 7 6 0
1171 0 15.0 7 8 0
1172 0 5.0 7 9 6
1173 2 5.0 7 2 4
1174 2 15.0 7 1 5
1175 0 5.0 7 0 0
1176 0 10.0 8 10 4
1177 0 30.0 8 9 0
1178 0 30.0 8 17 16
1179 0 15.0 8 2 7
1180 0 15.0 8 0 0
1181 0 5.0 8 0 0
1182 0 15.0 8 0 0
1183 0 50.0 8 0 0
1184 0 30.0 8 6 0
1185 2 50.0 8 0 0
1186 2 10.0 8 14 0
1187 0 15.0 8 0 0
1188 2 5.0 8 0 0
1189 0 10.0 8 0 0
1190 2 30.0 8 10 0
1191 2 10.0 8 3 1
1192 0 50.0 8 18 0
1193 0 15.0 8 9 0
1194 0 10.0 8 10 0
1195 0 30.0 8 4 0
1196 0 30.0 8 13 0
1197 0 10.0 8 9 0
1198 2 50.0 8 4 0
1199 0 50.0 8 10 12
1200 0 10.0 8 2 0
1201 2 5.0 9 18 0
1202 0 15.0 9 0 0
1203 0 30.0 9 3 5
1204 0 10.0 9 0 0
1205 0 10.0 9 0 0
1206 0 10.0 9 18 15
1207 0 15.0 9 3 18
1208 0 5.0 9 0 0
1209 1 30.0 9 0 0
1210 2 30.0 9 0 0
1211 0 30.0 9 13 20
1212 2 30.0 9 0 0
1213 0 50.0 9 3 0
1214 0 30.0 9 16 0
1215 0 15.0 9 3 0
1216 0 50.0 9 13 7
1217 0 30.0 9 3 5
1218 2 15.0 9 4 13
1219 1 5.0 9 6 7
1220 2 5.0 9 19 7
1221 0 10.0 9 20 1
1222 0 5.0 9 12 13
1223 2 5.0 9 7 5
1224 1 15.0 9 0 0
1225 0 10.0 9 17 4
1226 1 30.0 10 9 0
1227 0 50.0 10 15 0
1228 1 50.0 10 14 7
1229 0 30.0 10 12 5
1230 0 15.0 10 0 0
1231 0 50.0 10 0 0
1232 1 30.0 10 12 11
1233 2 15.0 10 9 0
1234 0 50.0 10 0 0
1235 0 15.0 10 6 0
1236 1 15.0 10 11 16
1237 1 30.0 10 8 0
1238 2 50.0 10 19 8
1239 0 15.0 10 13 8
1240 1 10.0 10 0 0
1241 2 5.0 10 6 0
1242 2 15.0 10 0 0
1243 1 5.0 10 0 0
1244 2 30.0 10 4 0
1245 0 10.0 10 8 0
1246 2 5.0 10 0 0
1247 2 15.0 10 4 18
1248 2 30.0 10 3 0
1249 1 30.0 10 13 14
1250 0 30.0 10 7 0
1251 2 5.0 11 0 0
1252 0 15.0 11 17 7
1253 0 10.0 11 6 4
1254 0 5.0 11 19 1
1255 1 5.0 11 13 0
1256 0 30.0 11 15 0
1257 0 10.0 11 0 0
1258 1 50.0 11 12 0
1259 0 10.0 11 10 8
1260 2 15.0 11 1 13
1261 0 5.0 11 0 0
1262 1 50.0 11 0 0
1263 1 10.0 11 7 14
1264 1 5.0 11 2 1
1265 2 10.0 11 9 18
1266 2 30.0 11 5 0
1267 2 30.0 11 3 0
1268 2 5.0 11 0 0
1269 2 10.0 11 6 0
1270 1 5.0 11 0 0
1271 0 5.0 11 18 2
1272 2 5.0 11 15 3
1273 2 5.0 11 3 12
1274 2 30.0 11 16 19
1275 0 10.0 11 14 13
1276 2 50.0 12 1 7
1277 0 30.0 12 0 0
1278 2 15.0 12 14 11
1279 1 15.0 12 11 3
1280 0 10.0 12 0 0
1281 2 50.0 12 0 0
1282 1 15.0 12 0 0
1283 1 15.0 12 1 15
1284 0 30.0 12 13 3
1285 1 15.0 12 0 0
1286 2 10.0 12 0 0
1287 1 15.0 12 7 0
1288 1 50.0 12 16 20
1289 0 15.0 12 10 0
1290 0 50.0 12 14 13
1291 1 5.0 12 0 0
1292 0 15.0 12 0 0
1293 0 30.0 12 10 9
1294 0 50.0 12 13 9
1295 0 30.0 12 0 0
1296 0 30.0 12 0 0
1297 0 15.0 12 0 0
1298 1 15.0 12 10 17
1299 2 15.0 12 0 0
1300 0 50.0 12 0 0
1301 1 30.0 13 8 0
1302 0 10.0 13 10 0
1303 0 10.0 13 0 0
1304 2 30.0 13 20 1
1305 0 30.0 13 11 15
1306 0 15.0 13 4 20
1307 2 5.0 13 9 2
1308 0 50.0 13 14 0
1309 0 5.0 13 0 0
1310 0 5.0 13 20 0
1311 2 30.0 13 1 0
1312 1 5.0 13 5 15
1313 0 50.0 13 14 9
1314 2 15.0 13 0 0
1315 0 50.0 13 18 0
1316 2 50.0 13 0 0
1317 1 50.0 13 5 0
1318 2 5.0 13 17 7
1319 1 15.0 13 17 0
1320 1 5.0 13 2 0
1321 1 10.0 13 11 0
1322 1 50.0 13 17 0
1323 1 5.0 13 16 0
1324 1 30.0 13 6 16
1325 2 15.0 13 0 0
1326 2 5.0 14 18 8
1327 0 5.0 14 7 0
1328 2 10.0 14 1 0
1329 0 15.0 14 7 9
1330 0 15.0 14 1 16
1331 1 15.0 14 0 0
1332 0 10.0 14 8 11
1333 1 30.0 14 0 0
1334 0 5.0 14 3 0
1335 0 10.0 14 8 1
1336 0 30.0 14 2 15
1337 0 5.0 14 19 0
1338 0 10.0 14 5 0
1339 0 5.0 14 18 9
1340 2 50.0 14 9 0
1341 0 50.0 14 2 0
1342 0 10.0 14 20 0
1343 0 30.0 14 9 0
1344 1 50.0 14 7 4
1345 1 15.0 14 13 0
1346 0 50.0 14 19 0
1347 1 30.0 14 12 0
1348 1 15.0 14 3 9
1349 1 50.0 14 16 0
1350 2 30.0 14 1 0
1351 0 5.0 15 19 0
1352 2 30.0 15 3 6
1353 1 15.0 15 19 0
1354 1 30.0 15 18 0
1355 0 50.0 15 12 11
1356 0 30.0 15 16 4
1357 0 5.0 15 14 19
1358 0 15.0 15 17 3
1359 1 50.0 15 8 0
1360 0 50.0 15 11 19
1361 1 30.0 15 3 9
1362 1 5.0 15 18 10
1363 1 5.0 15 20 0
1364 1 10.0 15 20 0
1365 0 30.0 15 9 0
1366 2 50.0 15 5 11
1367 0 15.0 15 18 0
1368 2 30.0 15 17 0
1369 0 50.0 15 12 0
1370 1 15.0 15 5 14
1371 0 15.0 15 17 0
1372 0 30.0 15 7 0
1373 1 50.0 15 8 0
1374 2 30.0 15 1 0
1375 0 15.0 15 8 7
1376 0 50.0 16 7 0
1377 1 50.0 16 19 0
1378 1 30.0 16 18 0
1379 0 5.0 16 0 0
1380 1 50.0 16 8 5
1381 0 50.0 16 1 12
1382 1 15.0 16 3 17
1383 1 30.0 16 3 6
1384 2 50.0 16 13 1
1385 2 30.0 16 9 0
1386 2 15.0 16 11 0
1387 0 50.0 16 11 0
1388 2 30.0 16 8 2
1389 0 15.0 16 2 10
1390 2 10.0 16 6 0
1391 2 15.0 16 5 0
1392 0 30.0 16 6 0
1393 0 30.0 16 11 14
1394 0 50.0 16 18 0
1395 0 5.0 16 7 0
1396 1 15.0 16 8 0
1397 1 15.0 16 14 0
1398 0 50.0 16 13 0
1399 1 5.0 16 5 12
1400 1 50.0 16 8 0
1401 2 5.0 17 10 12
1402 1 15.0 17 0 0
1403 2 10.0 17 8 5
1404 0 15.0 17 19 11
1405 2 5.0 17 20 9
1406 2 10.0 17 1 0
1407 2 30.0 17 18 0
1408 0 15.0 17 10 7
1409 0 30.0 17 9 6
1410 2 5.0 17 11 6
1411 2 5.0 17 0 0
1412 2 30.0 17 2 0
1413 1 10.0 17 5 0
1414 0 50.0 17 20 0
1415 0 50.0 17 6 7
1416 0 30.0 17 12 0
1417 2 10.0 17 0 0
1418 0 15.0 17 15 0
1419 0 50.0 17 10 0
1420 1 50.0 17 13 4
1421 2 30.0 17 0 0
1422 2 10.0 17 16 10
1423 1 5.0 17 0 0
1424 1 10.0 17 0 0
1425 0 15.0 17 19 0
1426 2 50.0 18 0 0
1427 2 50.0 18 19 2
1428 2 30.0 18 17 5
1429 1 10.0 18 12 7
1430 1 10.0 18 8 0
1431 0 10.0 18 0 0
1432 1 10.0 18 0 0
1433 2 50.0 18 0 0
1434 1 5.0 18 19 0
1435 0 5.0 18 7 5
1436 2 50.0 18 0 0
1437 2 15.0 18 5 0
1438 2 5.0 18 0 0
1439 1 30.0 18 0 0
1440 2 15.0 18 0 0
1441 0 10.0 18 0 0
1442 2 10.0 18 3 0
1443 0 15.0 18 0 0
1444 1 30.0 18 0 0
1445 0 5.0 18 5 0
1446 0 5.0 18 6 3
1447 1 5.0 18 12 0
1448 1 5.0 18 0 0
1449 1 50.0 18 0 0
1450 1 5.0 18 9 0
1451 0 30.0 19 15 0
1452 1 10.0 19 0 0
1453 0 10.0 19 13 16
1454 0 10.0 19 0 0
1455 1 5.0 19 17 0
1456 2 10.0 19 7 0
1457 2 15.0 19 5 0
1458 1 10.0 19 0 0
1459 0 10.0 19 2 10
1460 2 5.0 19 3 0
1461 2 10.0 19 3 0
1462 1 50.0 19 8 17
1463 1 50.0 19 0 0
1464 0 10.0 19 0 0
1465 0 50.0 19 0 0
1466 1 10.0 19 0 0
1467 1 50.0 19 0 0
1468 2 10.0 19 0 0
1469 1 50.0 19 0 0
1470 1 5.0 19 0 0
1471 0 50.0 19 0 0
1472 0 50.0 19 0 0
1473 1 5.0 19 12 11
1474 0 50.0 19 10 5
1475 2 10.0 19 0 0
1476 1 30.0 20 0 0
1477 1 5.0 20 15 10
1478 0 10.0 20 0 0
1479 2 30.0 20 16 0
1480 1 30.0 20 8 0
1481 2 15.0 20 0 0
1482 2 15.0 20 17 0
1483 1 30.0 20 15 11
1484 2 10.0 20 0 0
1485 1 5.0 20 0 0
1486 1 5.0 20 0 0
1487 1 30.0 20 0 0
1488 0 5.0 20 0 0
1489 2 50.0 20 18 0
1490 1 30.0 20 17 11
1491 2 50.0 20 0 0
1492 2 10.0 20 0 0
1493 0 5.0 20 0 0
1494 0 10.0 20 0 0
1495 0 5.0 20 0 0
1496 1 50.0 20 6 0
1497 1 30.0 20 6 16
1498 1 50.0 20 5 0
1499 2 10.0 20 18 8
1500 0 30.0 20 0 0