500

1001 1 10.0 1 13 0
1002 0 30.0 1 0 0
1003 0 10.0 1 0 0
1004 0 50.0 1 0 0
1005 1 30.0 1 0 0
1006 1 30.0 1 0 0
1007 1 50.0 1 0 0
1008 1 10.0 1 0 0
1009 1 5.0 1 0 0
1010 0 50.0 1 0 0
1011 0 15.0 1 0 0
1012 2 5.0 1 0 0
1013 0 50.0 1 0 0
1014 0 15.0 1 0 0
1015 2 5.0 1 0 0
1016 0 30.0 1 12 0
1017 2 15.0 1 0 0
1018 0 30.0 1 0 0
1019 1 5.0 1 0 0
1020 2 30.0 1 0 0
1021 0 10.0 1 0 0
1022 0 15.0 1 0 0
1023 0 10.0 1 8 0
1024 0 15.0 1 3 0
1025 1 30.0 1 6 0
1026 0 50.0 2 16 0
1027 2 15.0 2 0 0
1028 1 50.0 2 19 0
1029 0 15.0 2 0 0
1030 2 10.0 2 0 0
1031 1 10.0 2 18 0
1032 1 10.0 2 0 0
1033 0 5.0 2 0 0
1034 0 50.0 2 0 0
1035 1 30.0 2 0 0
1036 1 5.0 2 0 0
1037 1 10.0 2 0 0
1038 0 5.0 2 0 0
1039 1 10.0 2 0 0
1040 2 10.0 2 0 0
1041 2 15.0 2 6 0
1042 1 5.0 2 16 0
1043 2 30.0 2 20 0
1044 1 10.0 2 3 0
1045 1 5.0 2 1 5
1046 1 15.0 2 10 15
1047 0 50.0 2 14 0
1048 0 5.0 2 15 0
1049 0 10.0 2 8 0
1050 1 15.0 2 19 0
1051 1 5.0 3 17 0
1052 1 30.0 3 16 0
1053 2 10.0 3 12 0
1054 0 30.0 3 6 16
1055 0 30.0 3 5 6
1056 1 5.0 3 6 19
1057 0 5.0 3 6 2
1058 0 30.0 3 18 12
1059 2 30.0 3 5 7
1060 1 15.0 3 19 10
1061 0 10.0 3 15 19
1062 2 30.0 3 2 0
1063 1 15.0 3 7 0
1064 1 10.0 3 0 0
1065 1 50.0 3 5 0
1066 0 5.0 3 9 0
1067 0 5.0 3 13 0
1068 0 15.0 3 0 0
1069 1 30.0 3 0 0
1070 2 50.0 3 6 0
1071 2 50.0 3 8 0
1072 2 5.0 3 0 0
1073 0 50.0 3 0 0
1074 1 50.0 3 0 0
1075 2 50.0 3 0 0
1076 0 15.0 4 0 0
1077 0 5.0 4 0 0
1078 0 50.0 4 0 0
1079 1 10.0 4 0 0
1080 1 50.0 4 0 0
1081 1 30.0 4 0 0
1082 1 15.0 4 0 0
1083 0 5.0 4 0 0
1084 0 50.0 4 7 0
1085 0 15.0 4 0 0
1086 0 50.0 4 8 0
1087 0 30.0 4 16 1
1088 1 10.0 4 0 0
1089 1 30.0 4 0 0
1090 2 5.0 4 12 7
1091 2 10.0 4 0 0
1092 1 30.0 4 1 0
1093 1 5.0 4 6 0
1094 1 5.0 4 0 0
1095 1 50.0 4 0 0
1096 2 15.0 4 0 0
1097 1 30.0 4 3 0
1098 1 50.0 4 0 0
1099 1 15.0 4 0 0
1100 1 50.0 4 1 0
1101 1 30.0 5 0 0
1102 2 10.0 5 3 0
1103 2 30.0 5 4 0
1104 0 5.0 5 0 0
1105 0 50.0 5 0 0
1106 0 30.0 5 0 0
1107 1 30.0 5 0 0
1108 0 15.0 5 14 3
1109 2 15.0 5 6 0
1110 2 15.0 5 1 0
1111 2 30.0 5 4 0
1112 2 10.0 5 0 0
1113 2 5.0 5 0 0
1114 2 15.0 5 0 0
1115 2 30.0 5 0 0
1116 1 5.0 5 0 0
1117 1 50.0 5 0 0
1118 2 10.0 5 0 0
1119 1 10.0 5 0 0
1120 2 15.0 5 0 0
1121 1 10.0 5 4 0
1122 0 10.0 5 0 0
1123 2 30.0 5 0 0
1124 1 10.0 5 20 11
1125 1 30.0 5 2 0
1126 0 15.0 6 0 0
1127 0 5.0 6 0 0
1128 0 5.0 6 0 0
1129 1 10.0 6 0 0
1130 0 5.0 6 0 0
1131 0 10.0 6 0 0
1132 1 15.0 6 0 0
1133 0 15.0 6 0 0
1134 0 50.0 6 0 0
1135 1 5.0 6 0 0
1136 2 5.0 6 0 0
1137 0 30.0 6 0 0
1138 0 15.0 6 0 0
1139 0 10.0 6 0 0
1140 0 5.0 6 0 0
1141 1 15.0 6 0 0
1142 2 10.0 6 0 0
1143 0 5.0 6 0 0
1144 0 50.0 6 0 0
1145 0 50.0 6 0 0
1146 2 30.0 6 0 0
1147 0 30.0 6 0 0
1148 2 5.0 6 0 0
1149 0 10.0 6 0 0
1150 0 15.0 6 0 0
1151 1 15.0 7 0 0
1152 1 30.0 7 1 0
1153 1 30.0 7 0 0
1154 2 15.0 7 0 0
1155 1 15.0 7 0 0
1156 1 50.0 7 1 0
1157 0 50.0 7 0 0
1158 1 10.0 7 0 0
1159 1 30.0 7 0 0
1160 1 15.0 7 0 0
1161 1 50.0 7 0 0
1162 2 15.0 7 0 0
1163 1 5.0 7 0 0
1164 1 50.0 7 0 0
1165 0 30.0 7 0 0
1166 0 15.0 7 0 0
1167 0 10.0 7 0 0
1168 1 15.0 7 0 0
1169 1 15.0 7 0 0
1170 2 15.0 7 0 0
1171 1 50.0 7 0 0
1172 1 5.0 7 0 0
1173 0 50.0 7 0 0
1174 0 50.0 7 0 0
1175 0 50.0 7 0 0
1176 1 15.0 8 0 0
1177 1 30.0 8 0 0
1178 1 15.0 8 0 0
1179 1 5.0 8 0 0
1180 0 10.0 8 0 0
1181 1 5.0 8 0 0
1182 0 50.0 8 0 0
1183 0 5.0 8 0 0
1184 0 15.0 8 0 0
1185 1 5.0 8 0 0
1186 0 10.0 8 0 0
1187 0 15.0 8 0 0
1188 1 50.0 8 0 0
1189 0 15.0 8 0 0
1190 0 15.0 8 0 0
1191 1 5.0 8 0 0
1192 2 50.0 8 0 0
1193 1 5.0 8 0 0
1194 0 10.0 8 0 0
1195 1 15.0 8 0 0
1196 1 10.0 8 0 0
1197 2 10.0 8 0 0
1198 1 10.0 8 0 0
1199 1 5.0 8 0 0
1200 1 15.0 8 0 0
1201 0 50.0 9 0 0
1202 2 10.0 9 0 0
1203 1 5.0 9 0 0
1204 0 30.0 9 0 0
1205 1 10.0 9 0 0
1206 0 5.0 9 0 0
1207 2 5.0 9 0 0
1208 2 10.0 9 0 0
1209 0 5.0 9 0 0
1210 0 50.0 9 0 0
1211 1 5.0 9 0 0
1212 1 30.0 9 0 0
1213 0 50.0 9 0 0
1214 2 30.0 9 0 0
1215 0 5.0 9 0 0
1216 1 50.0 9 0 0
1217 1 50.0 9 0 0
1218 2 10.0 9 0 0
1219 1 15.0 9 0 0
1220 1 10.0 9 0 0
1221 2 50.0 9 0 0
1222 1 10.0 9 0 0
1223 2 50.0 9 0 0
1224 1 10.0 9 0 0
1225 1 15.0 9 0 0
1226 1 10.0 10 0 0
1227 0 15.0 10 0 0
1228 0 50.0 10 0 0
1229 1 30.0 10 0 0
1230 0 50.0 10 0 0
1231 1 10.0 10 0 0
1232 2 10.0 10 5 0
1233 1 5.0 10 0 0
1234 0 50.0 10 0 0
1235 0 15.0 10 0 0
1236 1 10.0 10 0 0
1237 1 50.0 10 0 0
1238 1 50.0 10 0 0
1239 0 50.0 10 6 0
1240 0 5.0 10 8 0
1241 2 30.0 10 18 0
1242 0 30.0 10 6 0
1243 0 30.0 10 0 0
1244 0 5.0 10 12 0
1245 0 30.0 10 0 0
1246 0 30.0 10 12 0
1247 1 5.0 10 0 0
1248 1 30.0 10 0 0
1249 0 50.0 10 0 0
1250 1 5.0 10 8 0
1251 1 30.0 11 0 0
1252 1 30.0 11 5 0
1253 1 5.0 11 0 0
1254 0 30.0 11 0 0
1255 1 30.0 11 0 0
1256 0 50.0 11 0 0
1257 1 10.0 11 0 0
1258 0 15.0 11 0 0
1259 1 5.0 11 15 0
1260 0 15.0 11 0 0
1261 0 30.0 11 17 0
1262 0 15.0 11 0 0
1263 2 50.0 11 0 0
1264 0 5.0 11 0 0
1265 0 50.0 11 0 0
1266 1 50.0 11 0 0
1267 0 50.0 11 0 0
1268 1 30.0 11 0 0
1269 1 5.0 11 0 0
1270 2 50.0 11 0 0
1271 1 5.0 11 0 0
1272 1 50.0 11 0 0
1273 0 30.0 11 0 0
1274 1 10.0 11 8 0
1275 0 15.0 11 0 0
1276 0 10.0 12 5 0
1277 2 10.0 12 0 0
1278 0 15.0 12 18 0
1279 0 10.0 12 10 0
1280 1 15.0 12 0 0
1281 1 15.0 12 17 0
1282 2 50.0 12 8 0
1283 2 30.0 12 0 0
1284 0 30.0 12 15 0
1285 0 5.0 12 14 0
1286 2 15.0 12 7 0
1287 1 30.0 12 11 0
1288 0 10.0 12 0 0
1289 0 50.0 12 0 0
1290 0 30.0 12 9 0
1291 0 30.0 12 6 0
1292 0 50.0 12 0 0
1293 0 10.0 12 0 0
1294 0 50.0 12 3 0
1295 1 10.0 12 5 0
1296 0 15.0 12 7 0
1297 2 50.0 12 17 0
1298 0 30.0 12 9 0
1299 0 5.0 12 15 0
1300 2 10.0 12 1 0
1301 1 15.0 13 17 18
1302 1 10.0 13 1 0
1303 1 15.0 13 20 7
1304 2 30.0 13 16 4
1305 1 50.0 13 0 0
1306 1 50.0 13 0 0
1307 1 50.0 13 3 0
1308 1 5.0 13 3 0
1309 1 50.0 13 14 0
1310 0 15.0 13 12 18
1311 1 15.0 13 16 5
1312 0 5.0 13 10 4
1313 2 50.0 13 12 15
1314 1 5.0 13 0 0
1315 0 30.0 13 16 12
1316 2 30.0 13 0 0
1317 0 5.0 13 17 15
1318 1 10.0 13 9 2
1319 1 10.0 13 1 0
1320 0 30.0 13 16 3
1321 1 50.0 13 7 9
1322 2 50.0 13 6 8
1323 0 5.0 13 0 0
1324 1 15.0 13 0 0
1325 2 50.0 13 0 0
1326 1 30.0 14 0 0
1327 1 15.0 14 0 0
1328 1 15.0 14 0 0
1329 1 10.0 14 0 0
1330 0 10.0 14 0 0
1331 0 5.0 14 0 0
1332 1 30.0 14 2 10
1333 0 50.0 14 0 0
1334 1 15.0 14 0 0
1335 0 30.0 14 0 0
1336 0 15.0 14 0 0
1337 0 5.0 14 0 0
1338 1 50.0 14 0 0
1339 0 30.0 14 0 0
1340 0 5.0 14 0 0
1341 1 5.0 14 8 11
1342 0 10.0 14 2 18
1343 1 5.0 14 0 0
1344 1 10.0 14 11 3
1345 0 30.0 14 13 18
1346 0 15.0 14 0 0
1347 1 5.0 14 0 0
1348 1 50.0 14 7 0
1349 1 15.0 14 0 0
1350 0 10.0 14 0 0
1351 1 10.0 15 0 0
1352 0 15.0 15 0 0
1353 2 30.0 15 0 0
1354 1 15.0 15 0 0
1355 0 5.0 15 0 0
1356 1 5.0 15 0 0
1357 1 5.0 15 19 0
1358 0 10.0 15 0 0
1359 2 5.0 15 0 0
1360 1 5.0 15 0 0
1361 0 5.0 15 0 0
1362 0 50.0 15 0 0
1363 1 30.0 15 16 11
1364 1 30.0 15 0 0
1365 0 15.0 15 11 17
1366 0 10.0 15 6 9
1367 1 50.0 15 0 0
1368 0 50.0 15 3 8
1369 1 5.0 15 0 0
1370 0 5.0 15 0 0
1371 1 10.0 15 7 16
1372 0 15.0 15 7 1
1373 0 50.0 15 12 2
1374 2 10.0 15 0 0
1375 1 5.0 15 19 10
1376 0 30.0 16 0 0
1377 2 50.0 16 0 0
1378 0 30.0 16 0 0
1379 1 15.0 16 0 0
1380 1 5.0 16 0 0
1381 2 10.0 16 0 0
1382 1 30.0 16 0 0
1383 0 50.0 16 0 0
1384 1 5.0 16 0 0
1385 0 10.0 16 0 0
1386 2 50.0 16 0 0
1387 2 15.0 16 0 0
1388 1 15.0 16 11 0
1389 0 5.0 16 5 0
1390 0 15.0 16 0 0
1391 1 15.0 16 0 0
1392 2 5.0 16 0 0
1393 0 10.0 16 0 0
1394 2 10.0 16 5 0
1395 2 50.0 16 10 0
1396 2 50.0 16 0 0
1397 1 10.0 16 0 0
1398 2 50.0 16 0 0
1399 0 50.0 16 0 0
1400 2 30.0 16 0 0
1401 0 10.0 17 0 0
1402 2 10.0 17 0 0
1403 2 30.0 17 8 0
1404 0 30.0 17 0 0
1405 1 30.0 17 7 0
1406 1 30.0 17 0 0
1407 1 15.0 17 7 0
1408 1 50.0 17 1 0
1409 0 5.0 17 9 0
1410 0 15.0 17 0 0
1411 1 15.0 17 5 0
1412 2 5.0 17 0 0
1413 0 5.0 17 0 0
1414 1 50.0 17 3 0
1415 0 5.0 17 1 0
1416 0 15.0 17 0 0
1417 0 5.0 17 0 0
1418 2 50.0 17 0 0
1419 0 10.0 17 2 0
1420 1 30.0 17 0 0
1421 1 15.0 17 0 0
1422 2 10.0 17 0 0
1423 2 50.0 17 16 0
1424 0 10.0 17 0 0
1425 1 30.0 17 0 0
1426 1 5.0 18 6 0
1427 1 10.0 18 0 0
1428 0 30.0 18 0 0
1429 1 50.0 18 0 0
1430 1 30.0 18 0 0
1431 0 10.0 18 0 0
1432 0 15.0 18 13 0
1433 0 50.0 18 8 0
1434 1 10.0 18 0 0
1435 0 10.0 18 0 0
1436 2 50.0 18 0 0
1437 2 50.0 18 10 2
1438 2 10.0 18 0 0
1439 0 15.0 18 0 0
1440 1 50.0 18 0 0
1441 0 10.0 18 0 0
1442 2 30.0 18 9 0
1443 2 5.0 18 0 0
1444 2 30.0 18 17 4
1445 2 10.0 18 0 0
1446 0 10.0 18 0 0
1447 1 30.0 18 10 11
1448 2 30.0 18 0 0
1449 1 10.0 18 0 0
1450 0 5.0 18 0 0
1451 1 10.0 19 0 0
1452 2 15.0 19 0 0
1453 1 15.0 19 0 0
1454 1 5.0 19 0 0
1455 1 15.0 19 0 0
1456 2 50.0 19 0 0
1457 0 10.0 19 0 0
1458 0 15.0 19 0 0
1459 0 30.0 19 0 0
1460 2 10.0 19 0 0
1461 1 30.0 19 0 0
1462 1 5.0 19 0 0
1463 2 30.0 19 9 0
1464 0 50.0 19 0 0
1465 2 30.0 19 0 0
1466 1 30.0 19 13 2
1467 2 5.0 19 0 0
1468 0 15.0 19 6 0
1469 1 50.0 19 1 0
1470 2 50.0 19 0 0
1471 1 10.0 19 4 0
1472 1 50.0 19 2 1
1473 1 15.0 19 20 6
1474 2 30.0 19 9 3
1475 0 5.0 19 0 0
1476 2 30.0 20 0 0
1477 0 5.0 20 0 0
1478 0 15.0 20 0 0
1479 0 5.0 20 0 0
1480 2 30.0 20 0 0
1481 1 30.0 20 0 0
1482 2 30.0 20 0 0
1483 0 15.0 20 0 0
1484 1 30.0 20 0 0
1485 0 15.0 20 0 0
1486 0 30.0 20 7 5
1487 1 10.0 20 0 0
1488 0 10.0 20 0 0
1489 1 15.0 20 0 0
1490 0 10.0 20 0 0
1491 0 5.0 20 0 0
1492 1 10.0 20 0 0
1493 0 10.0 20 0 0
1494 0 50.0 20 0 0
1495 0 5.0 20 0 0
1496 0 15.0 20 0 0
1497 1 15.0 20 0 0
1498 0 15.0 20 0 0
1499 0 15.0 20 19 6
1500 0 5.0 20 3 10