50.0 1.0 1.0 480

32 16 16

21

0 0 0
2 8 6
8 8 4
6 8 5
8 9 5
11 8 8
8 4 5
9 8 4
7 4 5
8 6 6
8 12 8
11 8 3
16 8 3
10 8 3
9 6 5
10 8 6
6 8 4
8 7 4
6 5 8
8 6 7
7 8 10

0.0 26.4 20.9 18.5 20.4 22.0 16.6 16.7 22.0 9.1 17.4 10.0 17.3 21.7 9.2 19.5 20.1 19.7 25.0 11.3 18.0
26.4 0.0 25.8 21.2 8.9 21.1 18.8 20.1 12.8 18.1 9.8 17.2 21.8 11.2 23.5 22.7 10.5 10.2 17.9 15.1 16.8
20.9 25.8 0.0 19.3 19.7 17.9 14.3 27.2 25.2 20.2 22.9 10.9 12.1 25.2 20.2 20.4 20.9 26.4 8.0 21.1 18.8
18.5 21.2 19.3 0.0 22.5 14.4 16.0 21.6 21.7 17.8 11.8 8.4 12.8 9.9 20.9 11.1 18.5 19.5 14.1 16.6 16.4
20.4 8.9 19.7 22.5 0.0 17.7 17.5 23.9 9.7 13.3 18.7 15.8 21.0 15.1 14.7 18.4 19.5 19.1 13.3 17.9 7.8
22.0 21.1 17.9 14.4 17.7 0.0 9.3 13.4 18.4 16.8 13.0 22.0 18.3 17.9 12.8 18.8 25.0 17.4 10.6 16.9 21.5
16.6 18.8 14.3 16.0 17.5 9.3 0.0 13.0 13.6 7.5 15.8 16.9 11.4 24.7 19.5 9.5 22.6 22.0 18.0 7.6 12.3
16.7 20.1 27.2 21.6 23.9 13.4 13.0 0.0 23.4 20.5 24.3 21.6 24.4 11.7 25.4 22.4 14.4 16.5 23.9 18.2 19.9
22.0 12.8 25.2 21.7 9.7 18.4 13.6 23.4 0.0 18.3 16.9 15.7 13.8 11.7 16.5 23.1 14.4 11.8 20.9 15.6 7.7
9.1 18.1 20.2 17.8 13.3 16.8 7.5 20.5 18.3 0.0 8.3 9.3 12.4 20.8 14.4 17.0 19.4 27.2 20.2 15.2 17.3
17.4 9.8 22.9 11.8 18.7 13.0 15.8 24.3 16.9 8.3 0.0 16.6 17.6 12.6 16.3 21.7 19.2 20.0 14.9 12.8 13.9
10.0 17.2 10.9 8.4 15.8 22.0 16.9 21.6 15.7 9.3 16.6 0.0 21.2 14.3 14.6 9.5 10.0 17.9 18.8 18.0 8.0
17.3 21.8 12.1 12.8 21.0 18.3 11.4 24.4 13.8 12.4 17.6 21.2 0.0 22.7 8.1 14.1 11.2 19.1 7.7 9.0 16.9
21.7 11.2 25.2 9.9 15.1 17.9 24.7 11.7 11.7 20.8 12.6 14.3 22.7 0.0 28.2 21.0 17.6 21.4 17.4 21.4 19.4
9.2 23.5 20.2 20.9 14.7 12.8 19.5 25.4 16.5 14.4 16.3 14.6 8.1 28.2 0.0 20.2 19.3 19.2 15.8 17.1 8.8
19.5 22.7 20.4 11.1 18.4 18.8 9.5 22.4 23.1 17.0 21.7 9.5 14.1 21.0 20.2 0.0 19.5 12.5 21.9 8.9 17.5
20.1 10.5 20.9 18.5 19.5 25.0 22.6 14.4 14.4 19.4 19.2 10.0 11.2 17.6 19.3 19.5 0.0 7.9 14.4 20.2 18.0
19.7 10.2 26.4 19.5 19.1 17.4 22.0 16.5 11.8 27.2 20.0 17.9 19.1 21.4 19.2 12.5 7.9 0.0 19.0 21.4 19.5
25.0 17.9 8.0 14.1 13.3 10.6 18.0 23.9 20.9 20.2 14.9 18.8 7.7 17.4 15.8 21.9 14.4 19.0 0.0 16.8 13.2
11.3 15.1 21.1 16.6 17.9 16.9 7.6 18.2 15.6 15.2 12.8 18.0 9.0 21.4 17.1 8.9 20.2 21.4 16.8 0.0 10.0
18.0 16.8 18.8 16.4 7.8 21.5 12.3 19.9 7.7 17.3 13.9 8.0 16.9 19.4 8.8 17.5 18.0 19.5 13.2 10.0 0.0